Accuracy01;ActiveHand;AfterEffectCm;AttemptIndex;BlockType;ChoiceSide;ConfirmMitigationMode;CurrentMoleToHitId;CurrentMoleToHitIndexX;CurrentMoleToHitIndexY;CurrentMoleToHitPositionLocalX;CurrentMoleToHitPositionLocalY;CurrentMoleToHitPositionLocalZ;CurrentMoleToHitPositionWorldX;CurrentMoleToHitPositionWorldY;CurrentMoleToHitPositionWorldZ;DeltaAccuracyPct;EffectMode;Email;ErrorCm;Event;EventType;ExperimentMode;Framecount;GameId;GapMeters;HeadCameraPosWorldX;HeadCameraPosWorldY;HeadCameraPosWorldZ;HeadCameraRotEulerX;HeadCameraRotEulerY;HeadCameraRotEulerZ;HitDistanceMeters;HitPositionWorldX;HitPositionWorldY;HitPositionWorldZ;HitWorldX;HitWorldY;HitWorldZ;IsCorrect;IsHit;LeftControllerLaserPosWorldX;LeftControllerLaserPosWorldY;LeftControllerLaserPosWorldZ;LeftControllerLaserRotEulerX;LeftControllerLaserRotEulerY;LeftControllerLaserRotEulerZ;LeftControllerPosWorldX;LeftControllerPosWorldY;LeftControllerPosWorldZ;LeftControllerRotEulerX;LeftControllerRotEulerY;LeftControllerRotEulerZ;LeftControllerTrigger;LeftLengthMeters;LeftMovementAnchorPosWorldX;LeftMovementAnchorPosWorldY;LeftMovementAnchorPosWorldZ;LeftMovementAnchorRotEulerX;LeftMovementAnchorRotEulerY;LeftMovementAnchorRotEulerZ;LeftMovementAnchorSource;LineLengthMeters;LineZMeters;LongerSide;MeanCm;MoleId;MoleIndexX;MoleIndexY;MolePositionLocalX;MolePositionLocalY;MolePositionLocalZ;MolePositionWorldX;MolePositionWorldY;MolePositionWorldZ;RightControllerLaserPosWorldX;RightControllerLaserPosWorldY;RightControllerLaserPosWorldZ;RightControllerLaserRotEulerX;RightControllerLaserRotEulerY;RightControllerLaserRotEulerZ;RightControllerPosWorldX;RightControllerPosWorldY;RightControllerPosWorldZ;RightControllerRotEulerX;RightControllerRotEulerY;RightControllerRotEulerZ;RightControllerTrigger;RightLengthMeters;RightMovementAnchorPosWorldX;RightMovementAnchorPosWorldY;RightMovementAnchorPosWorldZ;RightMovementAnchorRotEulerX;RightMovementAnchorRotEulerY;RightMovementAnchorRotEulerZ;RightMovementAnchorSource;SdCm;SessionID;SignedOffsetCm;SourceTaskMode;StudyGlobalParticipantId;StudyInputMode;StudyParticipantIndex;StudyResolvedEffect;StudyResolvedTask;StudySessionIndex;StudyTaskOrder;SuccessCount;TargetIndex;TargetRadiusMeters;TargetWorldX;TargetWorldY;TargetWorldZ;TaskMode;TimeSinceLastEvent;Timestamp;TrackingMode;TrialIndex;TrialsPerBlock;XRBackend
NULL;Right;NULL;NULL;Baseline;NULL;OppositeHandTrigger;NULL;NULL;NULL;NULL;NULL;NULL;NULL;NULL;NULL;NULL;None;anonymous;NULL;Game Started;GameEvent;Participant;1;1957d216-dffe-4a04-a2b4-c6692a89861b;NULL;0.0000;0.3614;-0.5530;0.0000;0.0000;0.0000;NULL;NULL;NULL;NULL;NULL;NULL;NULL;NULL;NULL;0.0000;0.3614;-0.5455;0.0000;0.0000;0.0000;0.0000;0.0000;0.0000;0.0000;0.0000;0.0000;0;NULL;;;;;;;;NULL;NULL;NULL;NULL;NULL;NULL;NULL;NULL;NULL;NULL;NULL;NULL;NULL;0.0000;0.3614;-0.5455;0.0000;0.0000;0.0000;0.0000;0.0000;0.0000;0.0000;0.0000;0.0000;0;NULL;;;;;;;;NULL;46969c4b-2c36-421c-b922-129be17abb0a;NULL;NULL;2;Embodied;1;Skew;OpenLoop;8;LineBisectionFirst;NULL;NULL;NULL;NULL;NULL;NULL;OpenLoop;0.0000;2026-05-20 13:37:40.7325;Hands;NULL;NULL;OpenXR
NULL;Right;NULL;NULL;Baseline;NULL;OppositeHandTrigger;NULL;NULL;NULL;NULL;NULL;NULL;NULL;NULL;NULL;NULL;None;anonymous;NULL;Block Started;BlockEvent;Participant;1;1957d216-dffe-4a04-a2b4-c6692a89861b;NULL;0.0000;0.3614;-0.5530;0.0000;0.0000;0.0000;NULL;NULL;NULL;NULL;NULL;NULL;NULL;NULL;NULL;0.0000;0.3614;-0.5455;0.0000;0.0000;0.0000;0.0000;0.0000;0.0000;0.0000;0.0000;0.0000;0;NULL;;;;;;;;NULL;NULL;NULL;NULL;NULL;NULL;NULL;NULL;NULL;NULL;NULL;NULL;NULL;0.0000;0.3614;-0.5455;0.0000;0.0000;0.0000;0.0000;0.0000;0.0000;0.0000;0.0000;0.0000;0;NULL;;;;;;;;NULL;46969c4b-2c36-421c-b922-129be17abb0a;NULL;NULL;2;Embodied;1;Skew;OpenLoop;8;LineBisectionFirst;NULL;NULL;NULL;NULL;NULL;NULL;OpenLoop;0.0000;2026-05-20 13:37:40.7350;Hands;NULL;NULL;OpenXR
NULL;Right;NULL;NULL;Baseline;NULL;OppositeHandTrigger;NULL;NULL;NULL;NULL;NULL;NULL;NULL;NULL;NULL;NULL;None;anonymous;NULL;Trial Started;TaskEvent;Participant;1;1957d216-dffe-4a04-a2b4-c6692a89861b;NULL;0.0000;0.3614;-0.5530;0.0000;0.0000;0.0000;NULL;NULL;NULL;NULL;NULL;NULL;NULL;NULL;NULL;0.0000;0.3614;-0.5455;0.0000;0.0000;0.0000;0.0000;0.0000;0.0000;0.0000;0.0000;0.0000;0;NULL;;;;;;;;NULL;NULL;NULL;NULL;NULL;NULL;NULL;NULL;NULL;NULL;NULL;NULL;NULL;0.0000;0.3614;-0.5455;0.0000;0.0000;0.0000;0.0000;0.0000;0.0000;0.0000;0.0000;0.0000;0;NULL;;;;;;;;NULL;46969c4b-2c36-421c-b922-129be17abb0a;NULL;NULL;2;Embodied;1;Skew;OpenLoop;8;LineBisectionFirst;NULL;NULL;0.0300;0.0000;0.0000;2.0000;OpenLoop;0.0000;2026-05-20 13:37:40.7355;Hands;1;10;OpenXR
NULL;Right;NULL;NULL;Baseline;NULL;OppositeHandTrigger;NULL;NULL;NULL;NULL;NULL;NULL;NULL;NULL;NULL;NULL;None;anonymous;NULL;Trial Accepted;TaskEvent;Participant;361;1957d216-dffe-4a04-a2b4-c6692a89861b;NULL;-0.0065;0.0154;-0.0288;4.7765;359.8118;3.9790;NULL;NULL;NULL;NULL;-0.3364;0.0000;2.0000;NULL;NULL;0.0191;-0.6424;0.2817;17.8528;23.4461;341.8481;0.0214;-0.6364;0.2683;15.9500;26.3978;342.7868;1;NULL;-0.0620;-0.6301;0.1935;10.2677;4.0131;76.1062;Palm;NULL;NULL;NULL;NULL;NULL;NULL;NULL;NULL;NULL;NULL;NULL;NULL;NULL;0.0205;-1.8919;0.0003;0.0000;8.9140;0.0000;0.0000;0.0000;0.0000;0.0000;0.0000;0.0000;0;NULL;0.0496;-0.1194;0.4866;328.1242;347.9370;345.5912;Palm;NULL;46969c4b-2c36-421c-b922-129be17abb0a;-33.6365;NULL;2;Embodied;1;Skew;OpenLoop;8;LineBisectionFirst;NULL;NULL;NULL;NULL;NULL;NULL;OpenLoop;3.3241;2026-05-20 13:37:46.4630;Hands;1;10;OpenXR
NULL;Right;NULL;NULL;Baseline;NULL;OppositeHandTrigger;NULL;NULL;NULL;NULL;NULL;NULL;NULL;NULL;NULL;NULL;None;anonymous;NULL;Trial Started;TaskEvent;Participant;361;1957d216-dffe-4a04-a2b4-c6692a89861b;NULL;-0.0065;0.0154;-0.0288;4.7765;359.8118;3.9790;NULL;NULL;NULL;NULL;NULL;NULL;NULL;NULL;NULL;0.0191;-0.6424;0.2817;17.8528;23.4461;341.8481;0.0214;-0.6364;0.2683;15.9500;26.3978;342.7868;1;NULL;-0.0620;-0.6301;0.1935;10.2677;4.0131;76.1062;Palm;NULL;NULL;NULL;NULL;NULL;NULL;NULL;NULL;NULL;NULL;NULL;NULL;NULL;0.0205;-1.8919;0.0003;0.0000;8.9140;0.0000;0.0000;0.0000;0.0000;0.0000;0.0000;0.0000;0;NULL;0.0496;-0.1194;0.4866;328.1242;347.9370;345.5912;Palm;NULL;46969c4b-2c36-421c-b922-129be17abb0a;NULL;NULL;2;Embodied;1;Skew;OpenLoop;8;LineBisectionFirst;NULL;NULL;0.0300;0.0000;0.0000;2.0000;OpenLoop;0.0000;2026-05-20 13:37:46.4646;Hands;2;10;OpenXR
NULL;Right;NULL;NULL;Baseline;NULL;OppositeHandTrigger;NULL;NULL;NULL;NULL;NULL;NULL;NULL;NULL;NULL;NULL;None;anonymous;NULL;Trial Accepted;TaskEvent;Participant;589;1957d216-dffe-4a04-a2b4-c6692a89861b;NULL;-0.0057;0.0185;-0.0368;3.3783;358.7874;3.5254;NULL;NULL;NULL;NULL;-0.4660;0.0000;2.0000;NULL;NULL;0.0207;-0.6422;0.2796;17.2623;22.8700;340.4962;0.0211;-0.6348;0.2671;15.0089;25.5627;341.4127;1;NULL;-0.0589;-0.6307;0.1916;12.4293;5.2999;82.4298;Palm;NULL;NULL;NULL;NULL;NULL;NULL;NULL;NULL;NULL;NULL;NULL;NULL;NULL;0.0205;-1.8919;0.0003;0.0000;8.9140;0.0000;0.0000;0.0000;0.0000;0.0000;0.0000;0.0000;0;NULL;0.0490;-0.1653;0.4886;331.5932;349.1605;334.4582;Palm;NULL;46969c4b-2c36-421c-b922-129be17abb0a;-46.5987;NULL;2;Embodied;1;Skew;OpenLoop;8;LineBisectionFirst;NULL;NULL;NULL;NULL;NULL;NULL;OpenLoop;2.0582;2026-05-20 13:37:48.5134;Hands;2;10;OpenXR
NULL;Right;NULL;NULL;Baseline;NULL;OppositeHandTrigger;NULL;NULL;NULL;NULL;NULL;NULL;NULL;NULL;NULL;NULL;None;anonymous;NULL;Trial Started;TaskEvent;Participant;589;1957d216-dffe-4a04-a2b4-c6692a89861b;NULL;-0.0057;0.0185;-0.0368;3.3783;358.7874;3.5254;NULL;NULL;NULL;NULL;NULL;NULL;NULL;NULL;NULL;0.0207;-0.6422;0.2796;17.2623;22.8700;340.4962;0.0211;-0.6348;0.2671;15.0089;25.5627;341.4127;1;NULL;-0.0589;-0.6307;0.1916;12.4293;5.2999;82.4298;Palm;NULL;NULL;NULL;NULL;NULL;NULL;NULL;NULL;NULL;NULL;NULL;NULL;NULL;0.0205;-1.8919;0.0003;0.0000;8.9140;0.0000;0.0000;0.0000;0.0000;0.0000;0.0000;0.0000;0;NULL;0.0490;-0.1653;0.4886;331.5932;349.1605;334.4582;Palm;NULL;46969c4b-2c36-421c-b922-129be17abb0a;NULL;NULL;2;Embodied;1;Skew;OpenLoop;8;LineBisectionFirst;NULL;NULL;0.0300;0.0000;0.0000;2.0000;OpenLoop;0.0000;2026-05-20 13:37:48.5149;Hands;3;10;OpenXR
NULL;Right;NULL;NULL;Baseline;NULL;OppositeHandTrigger;NULL;NULL;NULL;NULL;NULL;NULL;NULL;NULL;NULL;NULL;None;anonymous;NULL;Trial Accepted;TaskEvent;Participant;843;1957d216-dffe-4a04-a2b4-c6692a89861b;NULL;-0.0130;0.0160;-0.0360;4.9557;359.1835;4.2992;NULL;NULL;NULL;NULL;-0.2774;0.0000;2.0000;NULL;NULL;0.0219;-0.6416;0.2779;16.7492;22.0245;339.0654;0.0211;-0.6353;0.2673;15.0871;24.8200;339.8188;1;NULL;-0.0589;-0.6349;0.1899;18.7794;6.8471;89.3151;Palm;NULL;NULL;NULL;NULL;NULL;NULL;NULL;NULL;NULL;NULL;NULL;NULL;NULL;0.0205;-1.8919;0.0003;0.0000;8.9140;0.0000;0.0000;0.0000;0.0000;0.0000;0.0000;0.0000;0;NULL;0.0345;-0.2094;0.4940;340.8139;350.2753;334.8921;Palm;NULL;46969c4b-2c36-421c-b922-129be17abb0a;-27.7396;NULL;2;Embodied;1;Skew;OpenLoop;8;LineBisectionFirst;NULL;NULL;NULL;NULL;NULL;NULL;OpenLoop;2.1243;2026-05-20 13:37:50.6381;Hands;3;10;OpenXR
NULL;Right;NULL;NULL;Baseline;NULL;OppositeHandTrigger;NULL;NULL;NULL;NULL;NULL;NULL;NULL;NULL;NULL;NULL;None;anonymous;NULL;Trial Started;TaskEvent;Participant;843;1957d216-dffe-4a04-a2b4-c6692a89861b;NULL;-0.0130;0.0160;-0.0360;4.9557;359.1835;4.2992;NULL;NULL;NULL;NULL;NULL;NULL;NULL;NULL;NULL;0.0219;-0.6416;0.2779;16.7492;22.0245;339.0654;0.0211;-0.6353;0.2673;15.0871;24.8200;339.8188;1;NULL;-0.0589;-0.6349;0.1899;18.7794;6.8471;89.3151;Palm;NULL;NULL;NULL;NULL;NULL;NULL;NULL;NULL;NULL;NULL;NULL;NULL;NULL;0.0205;-1.8919;0.0003;0.0000;8.9140;0.0000;0.0000;0.0000;0.0000;0.0000;0.0000;0.0000;0;NULL;0.0345;-0.2094;0.4940;340.8139;350.2753;334.8921;Palm;NULL;46969c4b-2c36-421c-b922-129be17abb0a;NULL;NULL;2;Embodied;1;Skew;OpenLoop;8;LineBisectionFirst;NULL;NULL;0.0300;0.0000;0.0000;2.0000;OpenLoop;0.0000;2026-05-20 13:37:50.6402;Hands;4;10;OpenXR
NULL;Right;NULL;NULL;Baseline;NULL;OppositeHandTrigger;NULL;NULL;NULL;NULL;NULL;NULL;NULL;NULL;NULL;NULL;None;anonymous;NULL;Trial Accepted;TaskEvent;Participant;1085;1957d216-dffe-4a04-a2b4-c6692a89861b;NULL;-0.0121;0.0166;-0.0372;3.8920;359.4494;3.6002;NULL;NULL;NULL;NULL;-0.2345;0.0000;2.0000;NULL;NULL;0.0226;-0.6405;0.2773;17.0066;22.3277;338.3009;0.0214;-0.6357;0.2672;15.4821;24.7012;339.2680;1;NULL;-0.0582;-0.6327;0.1863;17.0432;7.1557;86.5733;Palm;NULL;NULL;NULL;NULL;NULL;NULL;NULL;NULL;NULL;NULL;NULL;NULL;NULL;0.0205;-1.8919;0.0003;0.0000;8.9140;0.0000;0.0000;0.0000;0.0000;0.0000;0.0000;0.0000;0;NULL;0.0504;-0.1827;0.4991;335.7526;349.6879;338.9091;Palm;NULL;46969c4b-2c36-421c-b922-129be17abb0a;-23.4460;NULL;2;Embodied;1;Skew;OpenLoop;8;LineBisectionFirst;NULL;NULL;NULL;NULL;NULL;NULL;OpenLoop;2.0170;2026-05-20 13:37:52.6555;Hands;4;10;OpenXR
NULL;Right;NULL;NULL;Baseline;NULL;OppositeHandTrigger;NULL;NULL;NULL;NULL;NULL;NULL;NULL;NULL;NULL;NULL;None;anonymous;NULL;Trial Started;TaskEvent;Participant;1085;1957d216-dffe-4a04-a2b4-c6692a89861b;NULL;-0.0121;0.0166;-0.0372;3.8920;359.4494;3.6002;NULL;NULL;NULL;NULL;NULL;NULL;NULL;NULL;NULL;0.0226;-0.6405;0.2773;17.0066;22.3277;338.3009;0.0214;-0.6357;0.2672;15.4821;24.7012;339.2680;1;NULL;-0.0582;-0.6327;0.1863;17.0432;7.1557;86.5733;Palm;NULL;NULL;NULL;NULL;NULL;NULL;NULL;NULL;NULL;NULL;NULL;NULL;NULL;0.0205;-1.8919;0.0003;0.0000;8.9140;0.0000;0.0000;0.0000;0.0000;0.0000;0.0000;0.0000;0;NULL;0.0504;-0.1827;0.4991;335.7526;349.6879;338.9091;Palm;NULL;46969c4b-2c36-421c-b922-129be17abb0a;NULL;NULL;2;Embodied;1;Skew;OpenLoop;8;LineBisectionFirst;NULL;NULL;0.0300;0.0000;0.0000;2.0000;OpenLoop;0.0000;2026-05-20 13:37:52.6570;Hands;5;10;OpenXR
NULL;Right;NULL;NULL;Baseline;NULL;OppositeHandTrigger;NULL;NULL;NULL;NULL;NULL;NULL;NULL;NULL;NULL;NULL;None;anonymous;NULL;Trial Accepted;TaskEvent;Participant;1370;1957d216-dffe-4a04-a2b4-c6692a89861b;NULL;-0.0120;0.0176;-0.0378;3.5336;358.6587;4.2805;NULL;NULL;NULL;NULL;-0.2545;0.0000;2.0000;NULL;NULL;0.0258;-0.6413;0.2745;17.3584;24.1568;337.8135;0.0268;-0.6365;0.2628;15.8367;27.1540;338.2895;1;NULL;-0.0578;-0.6370;0.1902;14.0884;8.2622;84.7836;Palm;NULL;NULL;NULL;NULL;NULL;NULL;NULL;NULL;NULL;NULL;NULL;NULL;NULL;0.0205;-1.8919;0.0003;0.0000;8.9140;0.0000;0.0000;0.0000;0.0000;0.0000;0.0000;0.0000;0;NULL;0.0672;-0.1891;0.5074;336.5072;350.5597;342.1934;Palm;NULL;46969c4b-2c36-421c-b922-129be17abb0a;-25.4465;NULL;2;Embodied;1;Skew;OpenLoop;8;LineBisectionFirst;NULL;NULL;NULL;NULL;NULL;NULL;OpenLoop;2.3821;2026-05-20 13:37:55.0377;Hands;5;10;OpenXR
NULL;Right;NULL;NULL;Baseline;NULL;OppositeHandTrigger;NULL;NULL;NULL;NULL;NULL;NULL;NULL;NULL;NULL;NULL;None;anonymous;NULL;Trial Started;TaskEvent;Participant;1370;1957d216-dffe-4a04-a2b4-c6692a89861b;NULL;-0.0120;0.0176;-0.0378;3.5336;358.6587;4.2805;NULL;NULL;NULL;NULL;NULL;NULL;NULL;NULL;NULL;0.0258;-0.6413;0.2745;17.3584;24.1568;337.8135;0.0268;-0.6365;0.2628;15.8367;27.1540;338.2895;1;NULL;-0.0578;-0.6370;0.1902;14.0884;8.2622;84.7836;Palm;NULL;NULL;NULL;NULL;NULL;NULL;NULL;NULL;NULL;NULL;NULL;NULL;NULL;0.0205;-1.8919;0.0003;0.0000;8.9140;0.0000;0.0000;0.0000;0.0000;0.0000;0.0000;0.0000;0;NULL;0.0672;-0.1891;0.5074;336.5072;350.5597;342.1934;Palm;NULL;46969c4b-2c36-421c-b922-129be17abb0a;NULL;NULL;2;Embodied;1;Skew;OpenLoop;8;LineBisectionFirst;NULL;NULL;0.0300;0.0000;0.0000;2.0000;OpenLoop;0.0000;2026-05-20 13:37:55.0387;Hands;6;10;OpenXR
NULL;Right;NULL;NULL;Baseline;NULL;OppositeHandTrigger;NULL;NULL;NULL;NULL;NULL;NULL;NULL;NULL;NULL;NULL;None;anonymous;NULL;Trial Accepted;TaskEvent;Participant;1653;1957d216-dffe-4a04-a2b4-c6692a89861b;NULL;-0.0113;0.0218;-0.0289;2.0800;359.6018;4.3394;NULL;NULL;NULL;NULL;-0.2590;0.0000;2.0000;NULL;NULL;0.0254;-0.6416;0.2753;16.9144;22.6588;338.0641;0.0228;-0.6356;0.2664;15.5647;25.0951;339.1987;1;NULL;-0.0562;-0.6382;0.1899;15.2962;7.1806;86.0609;Palm;NULL;NULL;NULL;NULL;NULL;NULL;NULL;NULL;NULL;NULL;NULL;NULL;NULL;0.0205;-1.8919;0.0003;0.0000;8.9140;0.0000;0.0000;0.0000;0.0000;0.0000;0.0000;0.0000;0;NULL;0.0722;-0.1683;0.5070;335.4495;349.3695;341.9735;Palm;NULL;46969c4b-2c36-421c-b922-129be17abb0a;-25.9016;NULL;2;Embodied;1;Skew;OpenLoop;8;LineBisectionFirst;NULL;NULL;NULL;NULL;NULL;NULL;OpenLoop;2.3663;2026-05-20 13:37:57.4034;Hands;6;10;OpenXR
NULL;Right;NULL;NULL;Baseline;NULL;OppositeHandTrigger;NULL;NULL;NULL;NULL;NULL;NULL;NULL;NULL;NULL;NULL;None;anonymous;NULL;Trial Started;TaskEvent;Participant;1653;1957d216-dffe-4a04-a2b4-c6692a89861b;NULL;-0.0113;0.0218;-0.0289;2.0800;359.6018;4.3394;NULL;NULL;NULL;NULL;NULL;NULL;NULL;NULL;NULL;0.0254;-0.6416;0.2753;16.9144;22.6588;338.0641;0.0228;-0.6356;0.2664;15.5647;25.0951;339.1987;1;NULL;-0.0562;-0.6382;0.1899;15.2962;7.1806;86.0609;Palm;NULL;NULL;NULL;NULL;NULL;NULL;NULL;NULL;NULL;NULL;NULL;NULL;NULL;0.0205;-1.8919;0.0003;0.0000;8.9140;0.0000;0.0000;0.0000;0.0000;0.0000;0.0000;0.0000;0;NULL;0.0722;-0.1683;0.5070;335.4495;349.3695;341.9735;Palm;NULL;46969c4b-2c36-421c-b922-129be17abb0a;NULL;NULL;2;Embodied;1;Skew;OpenLoop;8;LineBisectionFirst;NULL;NULL;0.0300;0.0000;0.0000;2.0000;OpenLoop;0.0000;2026-05-20 13:37:57.4049;Hands;7;10;OpenXR
NULL;Right;NULL;NULL;Baseline;NULL;OppositeHandTrigger;NULL;NULL;NULL;NULL;NULL;NULL;NULL;NULL;NULL;NULL;None;anonymous;NULL;Trial Accepted;TaskEvent;Participant;1998;1957d216-dffe-4a04-a2b4-c6692a89861b;NULL;-0.0118;0.0209;-0.0263;2.6010;358.8612;4.1181;NULL;NULL;NULL;NULL;-0.2651;0.0000;2.0000;NULL;NULL;0.0227;-0.6388;0.2769;16.2544;23.1774;340.6190;0.0207;-0.6312;0.2667;13.8744;25.4167;341.4737;1;NULL;-0.0614;-0.6377;0.1894;14.6805;6.0887;82.3593;Palm;NULL;NULL;NULL;NULL;NULL;NULL;NULL;NULL;NULL;NULL;NULL;NULL;NULL;0.0205;-1.8919;0.0003;0.0000;8.9140;0.0000;0.0000;0.0000;0.0000;0.0000;0.0000;0.0000;0;NULL;0.0595;-0.2022;0.5111;343.6830;349.9356;343.4228;Palm;NULL;46969c4b-2c36-421c-b922-129be17abb0a;-26.5097;NULL;2;Embodied;1;Skew;OpenLoop;8;LineBisectionFirst;NULL;NULL;NULL;NULL;NULL;NULL;OpenLoop;2.8816;2026-05-20 13:38:00.2852;Hands;7;10;OpenXR
NULL;Right;NULL;NULL;Baseline;NULL;OppositeHandTrigger;NULL;NULL;NULL;NULL;NULL;NULL;NULL;NULL;NULL;NULL;None;anonymous;NULL;Trial Started;TaskEvent;Participant;1998;1957d216-dffe-4a04-a2b4-c6692a89861b;NULL;-0.0118;0.0209;-0.0263;2.6010;358.8612;4.1181;NULL;NULL;NULL;NULL;NULL;NULL;NULL;NULL;NULL;0.0227;-0.6388;0.2769;16.2544;23.1774;340.6190;0.0207;-0.6312;0.2667;13.8744;25.4167;341.4737;1;NULL;-0.0614;-0.6377;0.1894;14.6805;6.0887;82.3593;Palm;NULL;NULL;NULL;NULL;NULL;NULL;NULL;NULL;NULL;NULL;NULL;NULL;NULL;0.0205;-1.8919;0.0003;0.0000;8.9140;0.0000;0.0000;0.0000;0.0000;0.0000;0.0000;0.0000;0;NULL;0.0595;-0.2022;0.5111;343.6830;349.9356;343.4228;Palm;NULL;46969c4b-2c36-421c-b922-129be17abb0a;NULL;NULL;2;Embodied;1;Skew;OpenLoop;8;LineBisectionFirst;NULL;NULL;0.0300;0.0000;0.0000;2.0000;OpenLoop;0.0000;2026-05-20 13:38:00.2867;Hands;8;10;OpenXR
NULL;Right;NULL;NULL;Baseline;NULL;OppositeHandTrigger;NULL;NULL;NULL;NULL;NULL;NULL;NULL;NULL;NULL;NULL;None;anonymous;NULL;Trial Accepted;TaskEvent;Participant;2298;1957d216-dffe-4a04-a2b4-c6692a89861b;NULL;-0.0114;0.0226;-0.0355;1.9118;359.3173;4.7258;NULL;NULL;NULL;NULL;-0.3594;0.0000;2.0000;NULL;NULL;0.0224;-0.6382;0.2769;16.4062;22.5877;339.8694;0.0206;-0.6317;0.2664;14.6733;24.7795;340.3615;1;NULL;-0.0608;-0.6333;0.1882;13.1519;5.9492;80.2796;Palm;NULL;NULL;NULL;NULL;NULL;NULL;NULL;NULL;NULL;NULL;NULL;NULL;NULL;0.0205;-1.8919;0.0003;0.0000;8.9140;0.0000;0.0000;0.0000;0.0000;0.0000;0.0000;0.0000;0;NULL;0.0515;-0.2174;0.5072;336.5612;348.6878;344.5745;Palm;NULL;46969c4b-2c36-421c-b922-129be17abb0a;-35.9411;NULL;2;Embodied;1;Skew;OpenLoop;8;LineBisectionFirst;NULL;NULL;NULL;NULL;NULL;NULL;OpenLoop;2.5082;2026-05-20 13:38:02.7936;Hands;8;10;OpenXR
NULL;Right;NULL;NULL;Baseline;NULL;OppositeHandTrigger;NULL;NULL;NULL;NULL;NULL;NULL;NULL;NULL;NULL;NULL;None;anonymous;NULL;Trial Started;TaskEvent;Participant;2298;1957d216-dffe-4a04-a2b4-c6692a89861b;NULL;-0.0114;0.0226;-0.0355;1.9118;359.3173;4.7258;NULL;NULL;NULL;NULL;NULL;NULL;NULL;NULL;NULL;0.0224;-0.6382;0.2769;16.4062;22.5877;339.8694;0.0206;-0.6317;0.2664;14.6733;24.7795;340.3615;1;NULL;-0.0608;-0.6333;0.1882;13.1519;5.9492;80.2796;Palm;NULL;NULL;NULL;NULL;NULL;NULL;NULL;NULL;NULL;NULL;NULL;NULL;NULL;0.0205;-1.8919;0.0003;0.0000;8.9140;0.0000;0.0000;0.0000;0.0000;0.0000;0.0000;0.0000;0;NULL;0.0515;-0.2174;0.5072;336.5612;348.6878;344.5745;Palm;NULL;46969c4b-2c36-421c-b922-129be17abb0a;NULL;NULL;2;Embodied;1;Skew;OpenLoop;8;LineBisectionFirst;NULL;NULL;0.0300;0.0000;0.0000;2.0000;OpenLoop;0.0000;2026-05-20 13:38:02.7951;Hands;9;10;OpenXR
NULL;Right;NULL;NULL;Baseline;NULL;OppositeHandTrigger;NULL;NULL;NULL;NULL;NULL;NULL;NULL;NULL;NULL;NULL;None;anonymous;NULL;Trial Accepted;TaskEvent;Participant;2574;1957d216-dffe-4a04-a2b4-c6692a89861b;NULL;-0.0161;0.0172;-0.0309;3.6793;358.7621;4.9633;NULL;NULL;NULL;NULL;-0.4461;0.0000;2.0000;NULL;NULL;0.0224;-0.6370;0.2766;16.2573;22.5791;340.2834;0.0207;-0.6318;0.2664;14.8981;25.4374;341.6880;1;NULL;-0.0608;-0.6366;0.1886;14.7954;5.9324;81.7071;Palm;NULL;NULL;NULL;NULL;NULL;NULL;NULL;NULL;NULL;NULL;NULL;NULL;NULL;0.0205;-1.8919;0.0003;0.0000;8.9140;0.0000;0.0000;0.0000;0.0000;0.0000;0.0000;0.0000;0;NULL;0.0673;-0.2642;0.4977;338.4882;350.6301;328.9729;Palm;NULL;46969c4b-2c36-421c-b922-129be17abb0a;-44.6118;NULL;2;Embodied;1;Skew;OpenLoop;8;LineBisectionFirst;NULL;NULL;NULL;NULL;NULL;NULL;OpenLoop;2.2997;2026-05-20 13:38:05.0924;Hands;9;10;OpenXR
NULL;Right;NULL;NULL;Baseline;NULL;OppositeHandTrigger;NULL;NULL;NULL;NULL;NULL;NULL;NULL;NULL;NULL;NULL;None;anonymous;NULL;Trial Started;TaskEvent;Participant;2574;1957d216-dffe-4a04-a2b4-c6692a89861b;NULL;-0.0161;0.0172;-0.0309;3.6793;358.7621;4.9633;NULL;NULL;NULL;NULL;NULL;NULL;NULL;NULL;NULL;0.0224;-0.6370;0.2766;16.2573;22.5791;340.2834;0.0207;-0.6318;0.2664;14.8981;25.4374;341.6880;1;NULL;-0.0608;-0.6366;0.1886;14.7954;5.9324;81.7071;Palm;NULL;NULL;NULL;NULL;NULL;NULL;NULL;NULL;NULL;NULL;NULL;NULL;NULL;0.0205;-1.8919;0.0003;0.0000;8.9140;0.0000;0.0000;0.0000;0.0000;0.0000;0.0000;0.0000;0;NULL;0.0673;-0.2642;0.4977;338.4882;350.6301;328.9729;Palm;NULL;46969c4b-2c36-421c-b922-129be17abb0a;NULL;NULL;2;Embodied;1;Skew;OpenLoop;8;LineBisectionFirst;NULL;NULL;0.0300;0.0000;0.0000;2.0000;OpenLoop;0.0000;2026-05-20 13:38:05.0940;Hands;10;10;OpenXR
NULL;Right;NULL;NULL;Baseline;NULL;OppositeHandTrigger;NULL;NULL;NULL;NULL;NULL;NULL;NULL;NULL;NULL;NULL;None;anonymous;NULL;Trial Accepted;TaskEvent;Participant;2886;1957d216-dffe-4a04-a2b4-c6692a89861b;NULL;-0.0127;0.0205;-0.0350;3.1613;359.4406;4.1412;NULL;NULL;NULL;NULL;-0.3348;0.0000;2.0000;NULL;NULL;0.0220;-0.6358;0.2763;15.9775;22.8151;340.4558;0.0202;-0.6305;0.2663;14.3823;25.0027;341.0332;1;NULL;-0.0616;-0.6365;0.1891;13.4410;6.2549;81.8736;Palm;NULL;NULL;NULL;NULL;NULL;NULL;NULL;NULL;NULL;NULL;NULL;NULL;NULL;0.0205;-1.8919;0.0003;0.0000;8.9140;0.0000;0.0000;0.0000;0.0000;0.0000;0.0000;0.0000;0;NULL;0.0745;-0.2024;0.5233;338.0643;350.9774;337.8074;Palm;NULL;46969c4b-2c36-421c-b922-129be17abb0a;-33.4764;NULL;2;Embodied;1;Skew;OpenLoop;8;LineBisectionFirst;NULL;NULL;NULL;NULL;NULL;NULL;OpenLoop;2.5994;2026-05-20 13:38:07.6924;Hands;10;10;OpenXR
NULL;Right;NULL;NULL;Baseline;NULL;OppositeHandTrigger;NULL;NULL;NULL;NULL;NULL;NULL;NULL;NULL;NULL;NULL;None;anonymous;NULL;Block Completed;BlockEvent;Participant;2886;1957d216-dffe-4a04-a2b4-c6692a89861b;NULL;-0.0127;0.0205;-0.0350;3.1613;359.4406;4.1412;NULL;NULL;NULL;NULL;NULL;NULL;NULL;NULL;NULL;0.0220;-0.6358;0.2763;15.9775;22.8151;340.4558;0.0202;-0.6305;0.2663;14.3823;25.0027;341.0332;1;NULL;-0.0616;-0.6365;0.1891;13.4410;6.2549;81.8736;Palm;NULL;NULL;NULL;-32.3308;NULL;NULL;NULL;NULL;NULL;NULL;NULL;NULL;NULL;0.0205;-1.8919;0.0003;0.0000;8.9140;0.0000;0.0000;0.0000;0.0000;0.0000;0.0000;0.0000;0;NULL;0.0745;-0.2024;0.5233;338.0643;350.9774;337.8074;Palm;8.1177;46969c4b-2c36-421c-b922-129be17abb0a;NULL;NULL;2;Embodied;1;Skew;OpenLoop;8;LineBisectionFirst;NULL;NULL;NULL;NULL;NULL;NULL;OpenLoop;0.0000;2026-05-20 13:38:07.6954;Hands;NULL;10;OpenXR
NULL;Right;NULL;NULL;Exposure;NULL;OppositeHandTrigger;NULL;NULL;NULL;NULL;NULL;NULL;NULL;NULL;NULL;NULL;None;anonymous;NULL;Exposure Started;BlockEvent;Participant;3125;1957d216-dffe-4a04-a2b4-c6692a89861b;NULL;0.0010;0.0120;-0.0179;4.5344;359.9256;3.7558;NULL;NULL;NULL;NULL;NULL;NULL;NULL;NULL;NULL;0.0208;-0.6356;0.2774;16.7950;21.9665;342.2839;0.0180;-0.6336;0.2718;17.0263;21.9914;342.4859;0;NULL;-0.0618;-0.6351;0.1894;13.4607;7.5100;83.8490;Palm;NULL;NULL;NULL;NULL;NULL;NULL;NULL;NULL;NULL;NULL;NULL;NULL;NULL;0.0205;-1.8919;0.0003;0.0000;8.9140;0.0000;0.0000;0.0000;0.0000;0.0000;0.0000;0.0000;0;NULL;0.1250;-0.6755;0.2360;4.4794;348.8311;330.1697;Palm;NULL;46969c4b-2c36-421c-b922-129be17abb0a;NULL;OpenLoop;2;Embodied;1;Skew;OpenLoop;8;LineBisectionFirst;NULL;NULL;NULL;NULL;NULL;NULL;Exposure;2.0079;2026-05-20 13:38:09.7001;Hands;NULL;NULL;OpenXR
NULL;Right;NULL;NULL;Exposure;NULL;OppositeHandTrigger;2;1;0;0;0;0;0.5000;0.0000;2.0000;NULL;Skew;anonymous;NULL;Mole Spawned;MoleEvent;Participant;3125;1957d216-dffe-4a04-a2b4-c6692a89861b;NULL;0.0010;0.0120;-0.0179;4.5344;359.9256;3.7558;NULL;NULL;NULL;NULL;NULL;NULL;NULL;NULL;NULL;0.0208;-0.6356;0.2774;16.7950;21.9665;342.2839;0.0180;-0.6336;0.2718;17.0263;21.9914;342.4859;0;NULL;-0.0618;-0.6351;0.1894;13.4607;7.5100;83.8490;Palm;NULL;NULL;NULL;NULL;2;1;0;0;0;0;0.5000;0.0000;2.0000;0.0205;-1.8919;0.0003;0.0000;8.9140;0.0000;0.0000;0.0000;0.0000;0.0000;0.0000;0.0000;0;NULL;0.1250;-0.6755;0.2360;4.4794;348.8311;330.1697;Palm;NULL;46969c4b-2c36-421c-b922-129be17abb0a;NULL;NULL;2;Embodied;1;Skew;OpenLoop;8;LineBisectionFirst;NULL;1;NULL;0.5000;0.0000;2.0000;Exposure;0.0000;2026-05-20 13:38:09.7082;Hands;NULL;NULL;OpenXR
NULL;Right;NULL;1;Exposure;NULL;OppositeHandTrigger;2;1;0;0;0;0;0.5000;0.0000;2.0000;NULL;Skew;anonymous;NULL;Pointer Shoot;PointerEvent;Participant;3907;1957d216-dffe-4a04-a2b4-c6692a89861b;NULL;0.0093;0.0171;-0.0484;5.1359;9.1509;1.6287;NULL;0.1566;-0.2254;2.0000;0.1566;-0.2254;2.0000;NULL;NULL;0.0219;-0.6347;0.2785;16.1290;23.4429;341.9384;0.0219;-0.6287;0.2672;14.3134;25.8546;342.0341;1;NULL;-0.0623;-0.6405;0.1927;11.2132;6.5133;81.8605;Palm;NULL;NULL;NULL;NULL;2;1;0;0;0;0;0.5000;0.0000;2.0000;0.0205;-1.8919;0.0003;0.0000;8.9140;0.0000;0.0000;0.0000;0.0000;0.0000;0.0000;0.0000;0;NULL;0.1832;-0.1706;0.4797;332.9539;359.6926;336.2481;Palm;NULL;46969c4b-2c36-421c-b922-129be17abb0a;NULL;NULL;2;Embodied;1;Skew;OpenLoop;8;LineBisectionFirst;0;1;NULL;0.5000;0.0000;2.0000;Exposure;6.5312;2026-05-20 13:38:16.2326;Hands;NULL;NULL;OpenXR
NULL;Right;NULL;1;Exposure;NULL;OppositeHandTrigger;2;1;0;0;0;0;0.5000;0.0000;2.0000;NULL;Skew;anonymous;NULL;Mole Missed;PointerEvent;Participant;3907;1957d216-dffe-4a04-a2b4-c6692a89861b;NULL;0.0093;0.0171;-0.0484;5.1359;9.1509;1.6287;0.4108;0.1566;-0.2254;2.0000;0.1566;-0.2254;2.0000;NULL;0;0.0219;-0.6347;0.2785;16.1290;23.4429;341.9384;0.0219;-0.6287;0.2672;14.3134;25.8546;342.0341;1;NULL;-0.0623;-0.6405;0.1927;11.2132;6.5133;81.8605;Palm;NULL;NULL;NULL;NULL;2;1;0;0;0;0;0.5000;0.0000;2.0000;0.0205;-1.8919;0.0003;0.0000;8.9140;0.0000;0.0000;0.0000;0.0000;0.0000;0.0000;0.0000;0;NULL;0.1832;-0.1706;0.4797;332.9539;359.6926;336.2481;Palm;NULL;46969c4b-2c36-421c-b922-129be17abb0a;NULL;NULL;2;Embodied;1;Skew;OpenLoop;8;LineBisectionFirst;0;1;NULL;0.5000;0.0000;2.0000;Exposure;0.0000;2026-05-20 13:38:16.2336;Hands;NULL;NULL;OpenXR
NULL;Right;NULL;NULL;Exposure;NULL;OppositeHandTrigger;3;2;0;1;0;0;-0.5000;0.0000;2.0000;NULL;Skew;anonymous;NULL;Mole Spawned;MoleEvent;Participant;3907;1957d216-dffe-4a04-a2b4-c6692a89861b;NULL;0.0093;0.0171;-0.0484;5.1359;9.1509;1.6287;NULL;NULL;NULL;NULL;NULL;NULL;NULL;NULL;NULL;0.0219;-0.6347;0.2785;16.1290;23.4429;341.9384;0.0219;-0.6287;0.2672;14.3134;25.8546;342.0341;1;NULL;-0.0623;-0.6405;0.1927;11.2132;6.5133;81.8605;Palm;NULL;NULL;NULL;NULL;3;2;0;1;0;0;-0.5000;0.0000;2.0000;0.0205;-1.8919;0.0003;0.0000;8.9140;0.0000;0.0000;0.0000;0.0000;0.0000;0.0000;0.0000;0;NULL;0.1832;-0.1706;0.4797;332.9539;359.6926;336.2481;Palm;NULL;46969c4b-2c36-421c-b922-129be17abb0a;NULL;NULL;2;Embodied;1;Skew;OpenLoop;8;LineBisectionFirst;NULL;2;NULL;-0.5000;0.0000;2.0000;Exposure;0.0000;2026-05-20 13:38:16.2351;Hands;NULL;NULL;OpenXR
NULL;Right;NULL;2;Exposure;NULL;OppositeHandTrigger;3;2;0;1;0;0;-0.5000;0.0000;2.0000;NULL;Skew;anonymous;NULL;Pointer Shoot;PointerEvent;Participant;4024;1957d216-dffe-4a04-a2b4-c6692a89861b;NULL;-0.0079;0.0203;-0.0514;4.2971;0.6539;2.1180;NULL;-0.5436;-0.1175;2.0000;-0.5436;-0.1175;2.0000;NULL;NULL;0.0219;-0.6336;0.2772;15.6176;23.3349;340.6150;0.0225;-0.6285;0.2641;13.6576;26.1212;340.3490;1;NULL;-0.0637;-0.6337;0.1895;13.3611;5.4174;78.7347;Palm;NULL;NULL;NULL;NULL;3;2;0;1;0;0;-0.5000;0.0000;2.0000;0.0205;-1.8919;0.0003;0.0000;8.9140;0.0000;0.0000;0.0000;0.0000;0.0000;0.0000;0.0000;0;NULL;-0.0066;-0.1356;0.4762;333.8978;341.3214;334.4298;Palm;NULL;46969c4b-2c36-421c-b922-129be17abb0a;NULL;NULL;2;Embodied;1;Skew;OpenLoop;8;LineBisectionFirst;0;2;NULL;-0.5000;0.0000;2.0000;Exposure;0.9846;2026-05-20 13:38:17.2162;Hands;NULL;NULL;OpenXR
NULL;Right;NULL;2;Exposure;NULL;OppositeHandTrigger;3;2;0;1;0;0;-0.5000;0.0000;2.0000;NULL;Skew;anonymous;NULL;Mole Missed;PointerEvent;Participant;4024;1957d216-dffe-4a04-a2b4-c6692a89861b;NULL;-0.0079;0.0203;-0.0514;4.2971;0.6539;2.1180;0.1253;-0.5436;-0.1175;2.0000;-0.5436;-0.1175;2.0000;NULL;0;0.0219;-0.6336;0.2772;15.6176;23.3349;340.6150;0.0225;-0.6285;0.2641;13.6576;26.1212;340.3490;1;NULL;-0.0637;-0.6337;0.1895;13.3611;5.4174;78.7347;Palm;NULL;NULL;NULL;NULL;3;2;0;1;0;0;-0.5000;0.0000;2.0000;0.0205;-1.8919;0.0003;0.0000;8.9140;0.0000;0.0000;0.0000;0.0000;0.0000;0.0000;0.0000;0;NULL;-0.0066;-0.1356;0.4762;333.8978;341.3214;334.4298;Palm;NULL;46969c4b-2c36-421c-b922-129be17abb0a;NULL;NULL;2;Embodied;1;Skew;OpenLoop;8;LineBisectionFirst;0;2;NULL;-0.5000;0.0000;2.0000;Exposure;0.0000;2026-05-20 13:38:17.2177;Hands;NULL;NULL;OpenXR
NULL;Right;NULL;NULL;Exposure;NULL;OppositeHandTrigger;1;0;0;-1;0;0;0.0000;0.0000;2.0000;NULL;Skew;anonymous;NULL;Mole Spawned;MoleEvent;Participant;4024;1957d216-dffe-4a04-a2b4-c6692a89861b;NULL;-0.0079;0.0203;-0.0514;4.2971;0.6539;2.1180;NULL;NULL;NULL;NULL;NULL;NULL;NULL;NULL;NULL;0.0219;-0.6336;0.2772;15.6176;23.3349;340.6150;0.0225;-0.6285;0.2641;13.6576;26.1212;340.3490;1;NULL;-0.0637;-0.6337;0.1895;13.3611;5.4174;78.7347;Palm;NULL;NULL;NULL;NULL;1;0;0;-1;0;0;0.0000;0.0000;2.0000;0.0205;-1.8919;0.0003;0.0000;8.9140;0.0000;0.0000;0.0000;0.0000;0.0000;0.0000;0.0000;0;NULL;-0.0066;-0.1356;0.4762;333.8978;341.3214;334.4298;Palm;NULL;46969c4b-2c36-421c-b922-129be17abb0a;NULL;NULL;2;Embodied;1;Skew;OpenLoop;8;LineBisectionFirst;NULL;0;NULL;0.0000;0.0000;2.0000;Exposure;0.0000;2026-05-20 13:38:17.2192;Hands;NULL;NULL;OpenXR
NULL;Right;NULL;3;Exposure;NULL;OppositeHandTrigger;1;0;0;-1;0;0;0.0000;0.0000;2.0000;NULL;Skew;anonymous;NULL;Pointer Shoot;PointerEvent;Participant;4096;1957d216-dffe-4a04-a2b4-c6692a89861b;NULL;-0.0134;0.0187;-0.0503;5.1583;1.3978;2.9296;NULL;-0.3412;-0.0402;2.0000;-0.3412;-0.0402;2.0000;NULL;NULL;0.0222;-0.6330;0.2757;15.5401;23.6898;341.0543;0.0223;-0.6283;0.2647;13.9938;26.3277;341.6549;1;NULL;-0.0606;-0.6370;0.1911;10.4103;6.1657;81.1682;Palm;NULL;NULL;NULL;NULL;1;0;0;-1;0;0;0.0000;0.0000;2.0000;0.0205;-1.8919;0.0003;0.0000;8.9140;0.0000;0.0000;0.0000;0.0000;0.0000;0.0000;0.0000;0;NULL;0.0573;-0.1063;0.4876;332.4756;349.2892;336.9532;Palm;NULL;46969c4b-2c36-421c-b922-129be17abb0a;NULL;NULL;2;Embodied;1;Skew;OpenLoop;8;LineBisectionFirst;0;0;NULL;0.0000;0.0000;2.0000;Exposure;0.6064;2026-05-20 13:38:17.8221;Hands;NULL;NULL;OpenXR
NULL;Right;NULL;3;Exposure;NULL;OppositeHandTrigger;1;0;0;-1;0;0;0.0000;0.0000;2.0000;NULL;Skew;anonymous;NULL;Mole Missed;PointerEvent;Participant;4096;1957d216-dffe-4a04-a2b4-c6692a89861b;NULL;-0.0134;0.0187;-0.0503;5.1583;1.3978;2.9296;0.3436;-0.3412;-0.0402;2.0000;-0.3412;-0.0402;2.0000;NULL;0;0.0222;-0.6330;0.2757;15.5401;23.6898;341.0543;0.0223;-0.6283;0.2647;13.9938;26.3277;341.6549;1;NULL;-0.0606;-0.6370;0.1911;10.4103;6.1657;81.1682;Palm;NULL;NULL;NULL;NULL;1;0;0;-1;0;0;0.0000;0.0000;2.0000;0.0205;-1.8919;0.0003;0.0000;8.9140;0.0000;0.0000;0.0000;0.0000;0.0000;0.0000;0.0000;0;NULL;0.0573;-0.1063;0.4876;332.4756;349.2892;336.9532;Palm;NULL;46969c4b-2c36-421c-b922-129be17abb0a;NULL;NULL;2;Embodied;1;Skew;OpenLoop;8;LineBisectionFirst;0;0;NULL;0.0000;0.0000;2.0000;Exposure;0.0000;2026-05-20 13:38:17.8242;Hands;NULL;NULL;OpenXR
NULL;Right;NULL;NULL;Exposure;NULL;OppositeHandTrigger;3;2;0;1;0;0;-0.5000;0.0000;2.0000;NULL;Skew;anonymous;NULL;Mole Spawned;MoleEvent;Participant;4096;1957d216-dffe-4a04-a2b4-c6692a89861b;NULL;-0.0134;0.0187;-0.0503;5.1583;1.3978;2.9296;NULL;NULL;NULL;NULL;NULL;NULL;NULL;NULL;NULL;0.0222;-0.6330;0.2757;15.5401;23.6898;341.0543;0.0223;-0.6283;0.2647;13.9938;26.3277;341.6549;1;NULL;-0.0606;-0.6370;0.1911;10.4103;6.1657;81.1682;Palm;NULL;NULL;NULL;NULL;3;2;0;1;0;0;-0.5000;0.0000;2.0000;0.0205;-1.8919;0.0003;0.0000;8.9140;0.0000;0.0000;0.0000;0.0000;0.0000;0.0000;0.0000;0;NULL;0.0573;-0.1063;0.4876;332.4756;349.2892;336.9532;Palm;NULL;46969c4b-2c36-421c-b922-129be17abb0a;NULL;NULL;2;Embodied;1;Skew;OpenLoop;8;LineBisectionFirst;NULL;2;NULL;-0.5000;0.0000;2.0000;Exposure;0.0000;2026-05-20 13:38:17.8247;Hands;NULL;NULL;OpenXR
NULL;Right;NULL;4;Exposure;NULL;OppositeHandTrigger;3;2;0;1;0;0;-0.5000;0.0000;2.0000;NULL;Skew;anonymous;NULL;Pointer Shoot;PointerEvent;Participant;4184;1957d216-dffe-4a04-a2b4-c6692a89861b;NULL;-0.0104;0.0184;-0.0528;5.2785;0.3796;1.8556;NULL;-0.7153;0.0185;2.0000;-0.7153;0.0185;2.0000;NULL;NULL;0.0221;-0.6333;0.2757;15.5369;22.9975;340.4127;0.0206;-0.6292;0.2651;13.9225;25.0403;340.1107;1;NULL;-0.0622;-0.6365;0.1881;12.6014;5.7059;80.6073;Palm;NULL;NULL;NULL;NULL;3;2;0;1;0;0;-0.5000;0.0000;2.0000;0.0205;-1.8919;0.0003;0.0000;8.9140;0.0000;0.0000;0.0000;0.0000;0.0000;0.0000;0.0000;0;NULL;-0.0401;-0.1017;0.4614;331.0450;336.5569;339.0151;Palm;NULL;46969c4b-2c36-421c-b922-129be17abb0a;NULL;NULL;2;Embodied;1;Skew;OpenLoop;8;LineBisectionFirst;0;2;NULL;-0.5000;0.0000;2.0000;Exposure;0.7325;2026-05-20 13:38:18.5550;Hands;NULL;NULL;OpenXR
NULL;Right;NULL;4;Exposure;NULL;OppositeHandTrigger;3;2;0;1;0;0;-0.5000;0.0000;2.0000;NULL;Skew;anonymous;NULL;Mole Missed;PointerEvent;Participant;4184;1957d216-dffe-4a04-a2b4-c6692a89861b;NULL;-0.0104;0.0184;-0.0528;5.2785;0.3796;1.8556;0.2161;-0.7153;0.0185;2.0000;-0.7153;0.0185;2.0000;NULL;0;0.0221;-0.6333;0.2757;15.5369;22.9975;340.4127;0.0206;-0.6292;0.2651;13.9225;25.0403;340.1107;1;NULL;-0.0622;-0.6365;0.1881;12.6014;5.7059;80.6073;Palm;NULL;NULL;NULL;NULL;3;2;0;1;0;0;-0.5000;0.0000;2.0000;0.0205;-1.8919;0.0003;0.0000;8.9140;0.0000;0.0000;0.0000;0.0000;0.0000;0.0000;0.0000;0;NULL;-0.0401;-0.1017;0.4614;331.0450;336.5569;339.0151;Palm;NULL;46969c4b-2c36-421c-b922-129be17abb0a;NULL;NULL;2;Embodied;1;Skew;OpenLoop;8;LineBisectionFirst;0;2;NULL;-0.5000;0.0000;2.0000;Exposure;0.0000;2026-05-20 13:38:18.5566;Hands;NULL;NULL;OpenXR
NULL;Right;NULL;NULL;Exposure;NULL;OppositeHandTrigger;1;0;0;-1;0;0;0.0000;0.0000;2.0000;NULL;Skew;anonymous;NULL;Mole Spawned;MoleEvent;Participant;4184;1957d216-dffe-4a04-a2b4-c6692a89861b;NULL;-0.0104;0.0184;-0.0528;5.2785;0.3796;1.8556;NULL;NULL;NULL;NULL;NULL;NULL;NULL;NULL;NULL;0.0221;-0.6333;0.2757;15.5369;22.9975;340.4127;0.0206;-0.6292;0.2651;13.9225;25.0403;340.1107;1;NULL;-0.0622;-0.6365;0.1881;12.6014;5.7059;80.6073;Palm;NULL;NULL;NULL;NULL;1;0;0;-1;0;0;0.0000;0.0000;2.0000;0.0205;-1.8919;0.0003;0.0000;8.9140;0.0000;0.0000;0.0000;0.0000;0.0000;0.0000;0.0000;0;NULL;-0.0401;-0.1017;0.4614;331.0450;336.5569;339.0151;Palm;NULL;46969c4b-2c36-421c-b922-129be17abb0a;NULL;NULL;2;Embodied;1;Skew;OpenLoop;8;LineBisectionFirst;NULL;0;NULL;0.0000;0.0000;2.0000;Exposure;0.0000;2026-05-20 13:38:18.5581;Hands;NULL;NULL;OpenXR
NULL;Right;NULL;5;Exposure;NULL;OppositeHandTrigger;1;0;0;-1;0;0;0.0000;0.0000;2.0000;NULL;Skew;anonymous;NULL;Pointer Shoot;PointerEvent;Participant;4257;1957d216-dffe-4a04-a2b4-c6692a89861b;NULL;-0.0067;0.0185;-0.0541;5.4005;2.3494;2.1089;NULL;-0.2615;-0.0301;2.0000;-0.2615;-0.0301;2.0000;NULL;NULL;0.0227;-0.6335;0.2750;15.4496;23.7195;339.9234;0.0252;-0.6286;0.2633;13.8275;26.5083;340.2195;1;NULL;-0.0603;-0.6358;0.1894;9.6099;6.9147;82.0247;Palm;NULL;NULL;NULL;NULL;1;0;0;-1;0;0;0.0000;0.0000;2.0000;0.0205;-1.8919;0.0003;0.0000;8.9140;0.0000;0.0000;0.0000;0.0000;0.0000;0.0000;0.0000;0;NULL;0.0959;-0.1138;0.4850;332.2963;350.3494;337.9491;Palm;NULL;46969c4b-2c36-421c-b922-129be17abb0a;NULL;NULL;2;Embodied;1;Skew;OpenLoop;8;LineBisectionFirst;0;0;NULL;0.0000;0.0000;2.0000;Exposure;0.6086;2026-05-20 13:38:19.1642;Hands;NULL;NULL;OpenXR
NULL;Right;NULL;5;Exposure;NULL;OppositeHandTrigger;1;0;0;-1;0;0;0.0000;0.0000;2.0000;NULL;Skew;anonymous;NULL;Mole Missed;PointerEvent;Participant;4257;1957d216-dffe-4a04-a2b4-c6692a89861b;NULL;-0.0067;0.0185;-0.0541;5.4005;2.3494;2.1089;0.2633;-0.2615;-0.0301;2.0000;-0.2615;-0.0301;2.0000;NULL;0;0.0227;-0.6335;0.2750;15.4496;23.7195;339.9234;0.0252;-0.6286;0.2633;13.8275;26.5083;340.2195;1;NULL;-0.0603;-0.6358;0.1894;9.6099;6.9147;82.0247;Palm;NULL;NULL;NULL;NULL;1;0;0;-1;0;0;0.0000;0.0000;2.0000;0.0205;-1.8919;0.0003;0.0000;8.9140;0.0000;0.0000;0.0000;0.0000;0.0000;0.0000;0.0000;0;NULL;0.0959;-0.1138;0.4850;332.2963;350.3494;337.9491;Palm;NULL;46969c4b-2c36-421c-b922-129be17abb0a;NULL;NULL;2;Embodied;1;Skew;OpenLoop;8;LineBisectionFirst;0;0;NULL;0.0000;0.0000;2.0000;Exposure;0.0000;2026-05-20 13:38:19.1653;Hands;NULL;NULL;OpenXR
NULL;Right;NULL;NULL;Exposure;NULL;OppositeHandTrigger;2;1;0;0;0;0;0.5000;0.0000;2.0000;NULL;Skew;anonymous;NULL;Mole Spawned;MoleEvent;Participant;4257;1957d216-dffe-4a04-a2b4-c6692a89861b;NULL;-0.0067;0.0185;-0.0541;5.4005;2.3494;2.1089;NULL;NULL;NULL;NULL;NULL;NULL;NULL;NULL;NULL;0.0227;-0.6335;0.2750;15.4496;23.7195;339.9234;0.0252;-0.6286;0.2633;13.8275;26.5083;340.2195;1;NULL;-0.0603;-0.6358;0.1894;9.6099;6.9147;82.0247;Palm;NULL;NULL;NULL;NULL;2;1;0;0;0;0;0.5000;0.0000;2.0000;0.0205;-1.8919;0.0003;0.0000;8.9140;0.0000;0.0000;0.0000;0.0000;0.0000;0.0000;0.0000;0;NULL;0.0959;-0.1138;0.4850;332.2963;350.3494;337.9491;Palm;NULL;46969c4b-2c36-421c-b922-129be17abb0a;NULL;NULL;2;Embodied;1;Skew;OpenLoop;8;LineBisectionFirst;NULL;1;NULL;0.5000;0.0000;2.0000;Exposure;0.0000;2026-05-20 13:38:19.1658;Hands;NULL;NULL;OpenXR
NULL;Right;NULL;6;Exposure;NULL;OppositeHandTrigger;2;1;0;0;0;0;0.5000;0.0000;2.0000;NULL;Skew;anonymous;NULL;Pointer Shoot;PointerEvent;Participant;4342;1957d216-dffe-4a04-a2b4-c6692a89861b;NULL;-0.0022;0.0171;-0.0512;6.0838;5.6045;2.2018;NULL;0.2374;-0.0812;2.0000;0.2374;-0.0812;2.0000;NULL;NULL;0.0240;-0.6325;0.2738;15.2603;23.8083;340.0497;0.0245;-0.6263;0.2635;13.6582;26.0177;340.3165;1;NULL;-0.0589;-0.6378;0.1907;11.3866;6.4706;81.9256;Palm;NULL;NULL;NULL;NULL;2;1;0;0;0;0;0.5000;0.0000;2.0000;0.0205;-1.8919;0.0003;0.0000;8.9140;0.0000;0.0000;0.0000;0.0000;0.0000;0.0000;0.0000;0;NULL;0.2205;-0.1033;0.4789;332.2007;2.1627;339.9337;Palm;NULL;46969c4b-2c36-421c-b922-129be17abb0a;NULL;NULL;2;Embodied;1;Skew;OpenLoop;8;LineBisectionFirst;0;1;NULL;0.5000;0.0000;2.0000;Exposure;0.7083;2026-05-20 13:38:19.8722;Hands;NULL;NULL;OpenXR
NULL;Right;NULL;6;Exposure;NULL;OppositeHandTrigger;2;1;0;0;0;0;0.5000;0.0000;2.0000;NULL;Skew;anonymous;NULL;Mole Missed;PointerEvent;Participant;4342;1957d216-dffe-4a04-a2b4-c6692a89861b;NULL;-0.0022;0.0171;-0.0512;6.0838;5.6045;2.2018;0.2749;0.2374;-0.0812;2.0000;0.2374;-0.0812;2.0000;NULL;0;0.0240;-0.6325;0.2738;15.2603;23.8083;340.0497;0.0245;-0.6263;0.2635;13.6582;26.0177;340.3165;1;NULL;-0.0589;-0.6378;0.1907;11.3866;6.4706;81.9256;Palm;NULL;NULL;NULL;NULL;2;1;0;0;0;0;0.5000;0.0000;2.0000;0.0205;-1.8919;0.0003;0.0000;8.9140;0.0000;0.0000;0.0000;0.0000;0.0000;0.0000;0.0000;0;NULL;0.2205;-0.1033;0.4789;332.2007;2.1627;339.9337;Palm;NULL;46969c4b-2c36-421c-b922-129be17abb0a;NULL;NULL;2;Embodied;1;Skew;OpenLoop;8;LineBisectionFirst;0;1;NULL;0.5000;0.0000;2.0000;Exposure;0.0000;2026-05-20 13:38:19.8737;Hands;NULL;NULL;OpenXR
NULL;Right;NULL;NULL;Exposure;NULL;OppositeHandTrigger;3;2;0;1;0;0;-0.5000;0.0000;2.0000;NULL;Skew;anonymous;NULL;Mole Spawned;MoleEvent;Participant;4342;1957d216-dffe-4a04-a2b4-c6692a89861b;NULL;-0.0022;0.0171;-0.0512;6.0838;5.6045;2.2018;NULL;NULL;NULL;NULL;NULL;NULL;NULL;NULL;NULL;0.0240;-0.6325;0.2738;15.2603;23.8083;340.0497;0.0245;-0.6263;0.2635;13.6582;26.0177;340.3165;1;NULL;-0.0589;-0.6378;0.1907;11.3866;6.4706;81.9256;Palm;NULL;NULL;NULL;NULL;3;2;0;1;0;0;-0.5000;0.0000;2.0000;0.0205;-1.8919;0.0003;0.0000;8.9140;0.0000;0.0000;0.0000;0.0000;0.0000;0.0000;0.0000;0;NULL;0.2205;-0.1033;0.4789;332.2007;2.1627;339.9337;Palm;NULL;46969c4b-2c36-421c-b922-129be17abb0a;NULL;NULL;2;Embodied;1;Skew;OpenLoop;8;LineBisectionFirst;NULL;2;NULL;-0.5000;0.0000;2.0000;Exposure;0.0000;2026-05-20 13:38:19.8753;Hands;NULL;NULL;OpenXR
NULL;Right;NULL;7;Exposure;NULL;OppositeHandTrigger;3;2;0;1;0;0;-0.5000;0.0000;2.0000;NULL;Skew;anonymous;NULL;Pointer Shoot;PointerEvent;Participant;4443;1957d216-dffe-4a04-a2b4-c6692a89861b;NULL;-0.0073;0.0178;-0.0560;5.7905;3.6082;1.9128;NULL;-0.2335;0.0267;2.0000;-0.2335;0.0267;2.0000;NULL;NULL;0.0237;-0.6314;0.2736;15.2621;23.6525;340.1819;0.0238;-0.6266;0.2629;13.5427;25.7727;339.5205;1;NULL;-0.0612;-0.6341;0.1883;11.3672;5.8818;81.0584;Palm;NULL;NULL;NULL;NULL;3;2;0;1;0;0;-0.5000;0.0000;2.0000;0.0205;-1.8919;0.0003;0.0000;8.9140;0.0000;0.0000;0.0000;0.0000;0.0000;0.0000;0.0000;0;NULL;0.0623;-0.0860;0.4750;329.8831;345.8526;341.9406;Palm;NULL;46969c4b-2c36-421c-b922-129be17abb0a;NULL;NULL;2;Embodied;1;Skew;OpenLoop;8;LineBisectionFirst;0;2;NULL;-0.5000;0.0000;2.0000;Exposure;0.8498;2026-05-20 13:38:20.7221;Hands;NULL;NULL;OpenXR
NULL;Right;NULL;7;Exposure;NULL;OppositeHandTrigger;3;2;0;1;0;0;-0.5000;0.0000;2.0000;NULL;Skew;anonymous;NULL;Mole Missed;PointerEvent;Participant;4443;1957d216-dffe-4a04-a2b4-c6692a89861b;NULL;-0.0073;0.0178;-0.0560;5.7905;3.6082;1.9128;0.2679;-0.2335;0.0267;2.0000;-0.2335;0.0267;2.0000;NULL;0;0.0237;-0.6314;0.2736;15.2621;23.6525;340.1819;0.0238;-0.6266;0.2629;13.5427;25.7727;339.5205;1;NULL;-0.0612;-0.6341;0.1883;11.3672;5.8818;81.0584;Palm;NULL;NULL;NULL;NULL;3;2;0;1;0;0;-0.5000;0.0000;2.0000;0.0205;-1.8919;0.0003;0.0000;8.9140;0.0000;0.0000;0.0000;0.0000;0.0000;0.0000;0.0000;0;NULL;0.0623;-0.0860;0.4750;329.8831;345.8526;341.9406;Palm;NULL;46969c4b-2c36-421c-b922-129be17abb0a;NULL;NULL;2;Embodied;1;Skew;OpenLoop;8;LineBisectionFirst;0;2;NULL;-0.5000;0.0000;2.0000;Exposure;0.0000;2026-05-20 13:38:20.7221;Hands;NULL;NULL;OpenXR
NULL;Right;NULL;NULL;Exposure;NULL;OppositeHandTrigger;2;1;0;0;0;0;0.5000;0.0000;2.0000;NULL;Skew;anonymous;NULL;Mole Spawned;MoleEvent;Participant;4443;1957d216-dffe-4a04-a2b4-c6692a89861b;NULL;-0.0073;0.0178;-0.0560;5.7905;3.6082;1.9128;NULL;NULL;NULL;NULL;NULL;NULL;NULL;NULL;NULL;0.0237;-0.6314;0.2736;15.2621;23.6525;340.1819;0.0238;-0.6266;0.2629;13.5427;25.7727;339.5205;1;NULL;-0.0612;-0.6341;0.1883;11.3672;5.8818;81.0584;Palm;NULL;NULL;NULL;NULL;2;1;0;0;0;0;0.5000;0.0000;2.0000;0.0205;-1.8919;0.0003;0.0000;8.9140;0.0000;0.0000;0.0000;0.0000;0.0000;0.0000;0.0000;0;NULL;0.0623;-0.0860;0.4750;329.8831;345.8526;341.9406;Palm;NULL;46969c4b-2c36-421c-b922-129be17abb0a;NULL;NULL;2;Embodied;1;Skew;OpenLoop;8;LineBisectionFirst;NULL;1;NULL;0.5000;0.0000;2.0000;Exposure;0.0000;2026-05-20 13:38:20.7247;Hands;NULL;NULL;OpenXR
NULL;Right;NULL;8;Exposure;NULL;OppositeHandTrigger;2;1;0;0;0;0;0.5000;0.0000;2.0000;NULL;Skew;anonymous;NULL;Pointer Shoot;PointerEvent;Participant;4548;1957d216-dffe-4a04-a2b4-c6692a89861b;NULL;-0.0081;0.0166;-0.0528;6.4858;5.3579;2.5869;NULL;0.5040;0.0263;2.0000;0.5040;0.0263;2.0000;NULL;NULL;0.0235;-0.6317;0.2739;15.1817;23.4181;340.0870;0.0236;-0.6282;0.2649;13.7141;25.4723;340.1765;1;NULL;-0.0605;-0.6341;0.1885;11.8109;5.9978;82.2454;Palm;NULL;NULL;NULL;NULL;2;1;0;0;0;0;0.5000;0.0000;2.0000;0.0205;-1.8919;0.0003;0.0000;8.9140;0.0000;0.0000;0.0000;0.0000;0.0000;0.0000;0.0000;0;NULL;0.2861;-0.0798;0.4617;330.2869;7.5535;343.0797;Palm;NULL;46969c4b-2c36-421c-b922-129be17abb0a;NULL;NULL;2;Embodied;1;Skew;OpenLoop;8;LineBisectionFirst;0;1;NULL;0.5000;0.0000;2.0000;Exposure;0.8749;2026-05-20 13:38:21.5965;Hands;NULL;NULL;OpenXR
NULL;Right;NULL;8;Exposure;NULL;OppositeHandTrigger;2;1;0;0;0;0;0.5000;0.0000;2.0000;NULL;Skew;anonymous;NULL;Mole Hit;MoleEvent;Participant;4548;1957d216-dffe-4a04-a2b4-c6692a89861b;NULL;-0.0081;0.0166;-0.0528;6.4858;5.3579;2.5869;0.0266;0.5040;0.0263;2.0000;0.5040;0.0263;2.0000;NULL;1;0.0235;-0.6317;0.2739;15.1817;23.4181;340.0870;0.0236;-0.6282;0.2649;13.7141;25.4723;340.1765;1;NULL;-0.0605;-0.6341;0.1885;11.8109;5.9978;82.2454;Palm;NULL;NULL;NULL;NULL;2;1;0;0;0;0;0.5000;0.0000;2.0000;0.0205;-1.8919;0.0003;0.0000;8.9140;0.0000;0.0000;0.0000;0.0000;0.0000;0.0000;0.0000;0;NULL;0.2861;-0.0798;0.4617;330.2869;7.5535;343.0797;Palm;NULL;46969c4b-2c36-421c-b922-129be17abb0a;NULL;NULL;2;Embodied;1;Skew;OpenLoop;8;LineBisectionFirst;0;1;NULL;0.5000;0.0000;2.0000;Exposure;0.0000;2026-05-20 13:38:21.5981;Hands;NULL;NULL;OpenXR
NULL;Right;NULL;NULL;Exposure;NULL;OppositeHandTrigger;3;2;0;1;0;0;-0.5000;0.0000;2.0000;NULL;Skew;anonymous;NULL;Mole Spawned;MoleEvent;Participant;4548;1957d216-dffe-4a04-a2b4-c6692a89861b;NULL;-0.0081;0.0166;-0.0528;6.4858;5.3579;2.5869;NULL;NULL;NULL;NULL;NULL;NULL;NULL;NULL;NULL;0.0235;-0.6317;0.2739;15.1817;23.4181;340.0870;0.0236;-0.6282;0.2649;13.7141;25.4723;340.1765;1;NULL;-0.0605;-0.6341;0.1885;11.8109;5.9978;82.2454;Palm;NULL;NULL;NULL;NULL;3;2;0;1;0;0;-0.5000;0.0000;2.0000;0.0205;-1.8919;0.0003;0.0000;8.9140;0.0000;0.0000;0.0000;0.0000;0.0000;0.0000;0.0000;0;NULL;0.2861;-0.0798;0.4617;330.2869;7.5535;343.0797;Palm;NULL;46969c4b-2c36-421c-b922-129be17abb0a;NULL;NULL;2;Embodied;1;Skew;OpenLoop;8;LineBisectionFirst;NULL;2;NULL;-0.5000;0.0000;2.0000;Exposure;0.0000;2026-05-20 13:38:21.5997;Hands;NULL;NULL;OpenXR
NULL;Right;NULL;9;Exposure;NULL;OppositeHandTrigger;3;2;0;1;0;0;-0.5000;0.0000;2.0000;NULL;Skew;anonymous;NULL;Pointer Shoot;PointerEvent;Participant;4658;1957d216-dffe-4a04-a2b4-c6692a89861b;NULL;-0.0056;0.0169;-0.0552;6.3612;3.3395;1.1777;NULL;-0.4093;0.0073;2.0000;-0.4093;0.0073;2.0000;NULL;NULL;0.0234;-0.6325;0.2747;15.2214;23.2026;339.8597;0.0215;-0.6283;0.2640;13.6170;24.9239;339.3734;1;NULL;-0.0606;-0.6331;0.1888;10.9944;6.0058;80.8102;Palm;NULL;NULL;NULL;NULL;3;2;0;1;0;0;-0.5000;0.0000;2.0000;0.0205;-1.8919;0.0003;0.0000;8.9140;0.0000;0.0000;0.0000;0.0000;0.0000;0.0000;0.0000;0;NULL;0.0109;-0.0795;0.4633;331.6363;342.7999;338.5714;Palm;NULL;46969c4b-2c36-421c-b922-129be17abb0a;NULL;NULL;2;Embodied;1;Skew;OpenLoop;8;LineBisectionFirst;1;2;NULL;-0.5000;0.0000;2.0000;Exposure;0.9165;2026-05-20 13:38:22.5136;Hands;NULL;NULL;OpenXR
NULL;Right;NULL;9;Exposure;NULL;OppositeHandTrigger;3;2;0;1;0;0;-0.5000;0.0000;2.0000;NULL;Skew;anonymous;NULL;Mole Hit;MoleEvent;Participant;4658;1957d216-dffe-4a04-a2b4-c6692a89861b;NULL;-0.0056;0.0169;-0.0552;6.3612;3.3395;1.1777;0.0910;-0.4093;0.0073;2.0000;-0.4093;0.0073;2.0000;NULL;1;0.0234;-0.6325;0.2747;15.2214;23.2026;339.8597;0.0215;-0.6283;0.2640;13.6170;24.9239;339.3734;1;NULL;-0.0606;-0.6331;0.1888;10.9944;6.0058;80.8102;Palm;NULL;NULL;NULL;NULL;3;2;0;1;0;0;-0.5000;0.0000;2.0000;0.0205;-1.8919;0.0003;0.0000;8.9140;0.0000;0.0000;0.0000;0.0000;0.0000;0.0000;0.0000;0;NULL;0.0109;-0.0795;0.4633;331.6363;342.7999;338.5714;Palm;NULL;46969c4b-2c36-421c-b922-129be17abb0a;NULL;NULL;2;Embodied;1;Skew;OpenLoop;8;LineBisectionFirst;1;2;NULL;-0.5000;0.0000;2.0000;Exposure;0.0000;2026-05-20 13:38:22.5149;Hands;NULL;NULL;OpenXR
NULL;Right;NULL;NULL;Exposure;NULL;OppositeHandTrigger;2;1;0;0;0;0;0.5000;0.0000;2.0000;NULL;Skew;anonymous;NULL;Mole Spawned;MoleEvent;Participant;4658;1957d216-dffe-4a04-a2b4-c6692a89861b;NULL;-0.0056;0.0169;-0.0552;6.3612;3.3395;1.1777;NULL;NULL;NULL;NULL;NULL;NULL;NULL;NULL;NULL;0.0234;-0.6325;0.2747;15.2214;23.2026;339.8597;0.0215;-0.6283;0.2640;13.6170;24.9239;339.3734;1;NULL;-0.0606;-0.6331;0.1888;10.9944;6.0058;80.8102;Palm;NULL;NULL;NULL;NULL;2;1;0;0;0;0;0.5000;0.0000;2.0000;0.0205;-1.8919;0.0003;0.0000;8.9140;0.0000;0.0000;0.0000;0.0000;0.0000;0.0000;0.0000;0;NULL;0.0109;-0.0795;0.4633;331.6363;342.7999;338.5714;Palm;NULL;46969c4b-2c36-421c-b922-129be17abb0a;NULL;NULL;2;Embodied;1;Skew;OpenLoop;8;LineBisectionFirst;NULL;1;NULL;0.5000;0.0000;2.0000;Exposure;0.0000;2026-05-20 13:38:22.5165;Hands;NULL;NULL;OpenXR
NULL;Right;NULL;10;Exposure;NULL;OppositeHandTrigger;2;1;0;0;0;0;0.5000;0.0000;2.0000;NULL;Skew;anonymous;NULL;Pointer Shoot;PointerEvent;Participant;4735;1957d216-dffe-4a04-a2b4-c6692a89861b;NULL;-0.0101;0.0170;-0.0539;6.6560;4.6751;2.4490;NULL;0.2574;0.0238;2.0000;0.2574;0.0238;2.0000;NULL;NULL;0.0233;-0.6323;0.2743;15.1105;23.2445;339.7624;0.0242;-0.6275;0.2646;13.6999;25.2788;339.8801;1;NULL;-0.0596;-0.6318;0.1866;10.8654;6.1554;81.9377;Palm;NULL;NULL;NULL;NULL;2;1;0;0;0;0;0.5000;0.0000;2.0000;0.0205;-1.8919;0.0003;0.0000;8.9140;0.0000;0.0000;0.0000;0.0000;0.0000;0.0000;0.0000;0;NULL;0.2407;-0.0825;0.4732;331.5831;1.7240;343.8540;Palm;NULL;46969c4b-2c36-421c-b922-129be17abb0a;NULL;NULL;2;Embodied;1;Skew;OpenLoop;8;LineBisectionFirst;2;1;NULL;0.5000;0.0000;2.0000;Exposure;0.6417;2026-05-20 13:38:23.1552;Hands;NULL;NULL;OpenXR
NULL;Right;NULL;10;Exposure;NULL;OppositeHandTrigger;2;1;0;0;0;0;0.5000;0.0000;2.0000;NULL;Skew;anonymous;NULL;Mole Missed;PointerEvent;Participant;4735;1957d216-dffe-4a04-a2b4-c6692a89861b;NULL;-0.0101;0.0170;-0.0539;6.6560;4.6751;2.4490;0.2437;0.2574;0.0238;2.0000;0.2574;0.0238;2.0000;NULL;0;0.0233;-0.6323;0.2743;15.1105;23.2445;339.7624;0.0242;-0.6275;0.2646;13.6999;25.2788;339.8801;1;NULL;-0.0596;-0.6318;0.1866;10.8654;6.1554;81.9377;Palm;NULL;NULL;NULL;NULL;2;1;0;0;0;0;0.5000;0.0000;2.0000;0.0205;-1.8919;0.0003;0.0000;8.9140;0.0000;0.0000;0.0000;0.0000;0.0000;0.0000;0.0000;0;NULL;0.2407;-0.0825;0.4732;331.5831;1.7240;343.8540;Palm;NULL;46969c4b-2c36-421c-b922-129be17abb0a;NULL;NULL;2;Embodied;1;Skew;OpenLoop;8;LineBisectionFirst;2;1;NULL;0.5000;0.0000;2.0000;Exposure;0.0000;2026-05-20 13:38:23.1552;Hands;NULL;NULL;OpenXR
NULL;Right;NULL;NULL;Exposure;NULL;OppositeHandTrigger;3;2;0;1;0;0;-0.5000;0.0000;2.0000;NULL;Skew;anonymous;NULL;Mole Spawned;MoleEvent;Participant;4735;1957d216-dffe-4a04-a2b4-c6692a89861b;NULL;-0.0101;0.0170;-0.0539;6.6560;4.6751;2.4490;NULL;NULL;NULL;NULL;NULL;NULL;NULL;NULL;NULL;0.0233;-0.6323;0.2743;15.1105;23.2445;339.7624;0.0242;-0.6275;0.2646;13.6999;25.2788;339.8801;1;NULL;-0.0596;-0.6318;0.1866;10.8654;6.1554;81.9377;Palm;NULL;NULL;NULL;NULL;3;2;0;1;0;0;-0.5000;0.0000;2.0000;0.0205;-1.8919;0.0003;0.0000;8.9140;0.0000;0.0000;0.0000;0.0000;0.0000;0.0000;0.0000;0;NULL;0.2407;-0.0825;0.4732;331.5831;1.7240;343.8540;Palm;NULL;46969c4b-2c36-421c-b922-129be17abb0a;NULL;NULL;2;Embodied;1;Skew;OpenLoop;8;LineBisectionFirst;NULL;2;NULL;-0.5000;0.0000;2.0000;Exposure;0.0000;2026-05-20 13:38:23.1567;Hands;NULL;NULL;OpenXR
NULL;Right;NULL;11;Exposure;NULL;OppositeHandTrigger;3;2;0;1;0;0;-0.5000;0.0000;2.0000;NULL;Skew;anonymous;NULL;Pointer Shoot;PointerEvent;Participant;4835;1957d216-dffe-4a04-a2b4-c6692a89861b;NULL;-0.0067;0.0175;-0.0583;6.3270;3.9436;1.2275;NULL;-0.4101;0.0487;2.0000;-0.4101;0.0487;2.0000;NULL;NULL;0.0234;-0.6317;0.2738;15.2863;23.0302;339.8254;0.0216;-0.6283;0.2644;14.1716;24.8150;339.5493;1;NULL;-0.0610;-0.6345;0.1881;11.1487;5.8273;81.8884;Palm;NULL;NULL;NULL;NULL;3;2;0;1;0;0;-0.5000;0.0000;2.0000;0.0205;-1.8919;0.0003;0.0000;8.9140;0.0000;0.0000;0.0000;0.0000;0.0000;0.0000;0.0000;0;NULL;0.0229;-0.0829;0.4595;332.8128;343.3272;339.6794;Palm;NULL;46969c4b-2c36-421c-b922-129be17abb0a;NULL;NULL;2;Embodied;1;Skew;OpenLoop;8;LineBisectionFirst;2;2;NULL;-0.5000;0.0000;2.0000;Exposure;0.8331;2026-05-20 13:38:23.9882;Hands;NULL;NULL;OpenXR
NULL;Right;NULL;11;Exposure;NULL;OppositeHandTrigger;3;2;0;1;0;0;-0.5000;0.0000;2.0000;NULL;Skew;anonymous;NULL;Mole Missed;PointerEvent;Participant;4835;1957d216-dffe-4a04-a2b4-c6692a89861b;NULL;-0.0067;0.0175;-0.0583;6.3270;3.9436;1.2275;0.1022;-0.4101;0.0487;2.0000;-0.4101;0.0487;2.0000;NULL;0;0.0234;-0.6317;0.2738;15.2863;23.0302;339.8254;0.0216;-0.6283;0.2644;14.1716;24.8150;339.5493;1;NULL;-0.0610;-0.6345;0.1881;11.1487;5.8273;81.8884;Palm;NULL;NULL;NULL;NULL;3;2;0;1;0;0;-0.5000;0.0000;2.0000;0.0205;-1.8919;0.0003;0.0000;8.9140;0.0000;0.0000;0.0000;0.0000;0.0000;0.0000;0.0000;0;NULL;0.0229;-0.0829;0.4595;332.8128;343.3272;339.6794;Palm;NULL;46969c4b-2c36-421c-b922-129be17abb0a;NULL;NULL;2;Embodied;1;Skew;OpenLoop;8;LineBisectionFirst;2;2;NULL;-0.5000;0.0000;2.0000;Exposure;0.0000;2026-05-20 13:38:23.9897;Hands;NULL;NULL;OpenXR
NULL;Right;NULL;NULL;Exposure;NULL;OppositeHandTrigger;2;1;0;0;0;0;0.5000;0.0000;2.0000;NULL;Skew;anonymous;NULL;Mole Spawned;MoleEvent;Participant;4835;1957d216-dffe-4a04-a2b4-c6692a89861b;NULL;-0.0067;0.0175;-0.0583;6.3270;3.9436;1.2275;NULL;NULL;NULL;NULL;NULL;NULL;NULL;NULL;NULL;0.0234;-0.6317;0.2738;15.2863;23.0302;339.8254;0.0216;-0.6283;0.2644;14.1716;24.8150;339.5493;1;NULL;-0.0610;-0.6345;0.1881;11.1487;5.8273;81.8884;Palm;NULL;NULL;NULL;NULL;2;1;0;0;0;0;0.5000;0.0000;2.0000;0.0205;-1.8919;0.0003;0.0000;8.9140;0.0000;0.0000;0.0000;0.0000;0.0000;0.0000;0.0000;0;NULL;0.0229;-0.0829;0.4595;332.8128;343.3272;339.6794;Palm;NULL;46969c4b-2c36-421c-b922-129be17abb0a;NULL;NULL;2;Embodied;1;Skew;OpenLoop;8;LineBisectionFirst;NULL;1;NULL;0.5000;0.0000;2.0000;Exposure;0.0000;2026-05-20 13:38:23.9897;Hands;NULL;NULL;OpenXR
NULL;Right;NULL;12;Exposure;NULL;OppositeHandTrigger;2;1;0;0;0;0;0.5000;0.0000;2.0000;NULL;Skew;anonymous;NULL;Pointer Shoot;PointerEvent;Participant;4921;1957d216-dffe-4a04-a2b4-c6692a89861b;NULL;-0.0045;0.0171;-0.0580;6.4504;5.6325;1.9481;NULL;0.2620;0.0195;2.0000;0.2620;0.0195;2.0000;NULL;NULL;0.0236;-0.6313;0.2733;15.0784;23.2628;339.5043;0.0237;-0.6275;0.2641;14.0515;25.2011;339.6355;1;NULL;-0.0590;-0.6339;0.1885;10.4435;5.5244;85.0032;Palm;NULL;NULL;NULL;NULL;2;1;0;0;0;0;0.5000;0.0000;2.0000;0.0205;-1.8919;0.0003;0.0000;8.9140;0.0000;0.0000;0.0000;0.0000;0.0000;0.0000;0.0000;0;NULL;0.2409;-0.0885;0.4611;332.0078;0.1987;343.9709;Palm;NULL;46969c4b-2c36-421c-b922-129be17abb0a;NULL;NULL;2;Embodied;1;Skew;OpenLoop;8;LineBisectionFirst;2;1;NULL;0.5000;0.0000;2.0000;Exposure;0.7165;2026-05-20 13:38:24.7050;Hands;NULL;NULL;OpenXR
NULL;Right;NULL;12;Exposure;NULL;OppositeHandTrigger;2;1;0;0;0;0;0.5000;0.0000;2.0000;NULL;Skew;anonymous;NULL;Mole Missed;PointerEvent;Participant;4921;1957d216-dffe-4a04-a2b4-c6692a89861b;NULL;-0.0045;0.0171;-0.0580;6.4504;5.6325;1.9481;0.2388;0.2620;0.0195;2.0000;0.2620;0.0195;2.0000;NULL;0;0.0236;-0.6313;0.2733;15.0784;23.2628;339.5043;0.0237;-0.6275;0.2641;14.0515;25.2011;339.6355;1;NULL;-0.0590;-0.6339;0.1885;10.4435;5.5244;85.0032;Palm;NULL;NULL;NULL;NULL;2;1;0;0;0;0;0.5000;0.0000;2.0000;0.0205;-1.8919;0.0003;0.0000;8.9140;0.0000;0.0000;0.0000;0.0000;0.0000;0.0000;0.0000;0;NULL;0.2409;-0.0885;0.4611;332.0078;0.1987;343.9709;Palm;NULL;46969c4b-2c36-421c-b922-129be17abb0a;NULL;NULL;2;Embodied;1;Skew;OpenLoop;8;LineBisectionFirst;2;1;NULL;0.5000;0.0000;2.0000;Exposure;0.0000;2026-05-20 13:38:24.7060;Hands;NULL;NULL;OpenXR
NULL;Right;NULL;NULL;Exposure;NULL;OppositeHandTrigger;1;0;0;-1;0;0;0.0000;0.0000;2.0000;NULL;Skew;anonymous;NULL;Mole Spawned;MoleEvent;Participant;4921;1957d216-dffe-4a04-a2b4-c6692a89861b;NULL;-0.0045;0.0171;-0.0580;6.4504;5.6325;1.9481;NULL;NULL;NULL;NULL;NULL;NULL;NULL;NULL;NULL;0.0236;-0.6313;0.2733;15.0784;23.2628;339.5043;0.0237;-0.6275;0.2641;14.0515;25.2011;339.6355;1;NULL;-0.0590;-0.6339;0.1885;10.4435;5.5244;85.0032;Palm;NULL;NULL;NULL;NULL;1;0;0;-1;0;0;0.0000;0.0000;2.0000;0.0205;-1.8919;0.0003;0.0000;8.9140;0.0000;0.0000;0.0000;0.0000;0.0000;0.0000;0.0000;0;NULL;0.2409;-0.0885;0.4611;332.0078;0.1987;343.9709;Palm;NULL;46969c4b-2c36-421c-b922-129be17abb0a;NULL;NULL;2;Embodied;1;Skew;OpenLoop;8;LineBisectionFirst;NULL;0;NULL;0.0000;0.0000;2.0000;Exposure;0.0000;2026-05-20 13:38:24.7065;Hands;NULL;NULL;OpenXR
NULL;Right;NULL;13;Exposure;NULL;OppositeHandTrigger;1;0;0;-1;0;0;0.0000;0.0000;2.0000;NULL;Skew;anonymous;NULL;Pointer Shoot;PointerEvent;Participant;4980;1957d216-dffe-4a04-a2b4-c6692a89861b;NULL;-0.0020;0.0169;-0.0584;6.5171;5.4475;0.9811;NULL;-0.0322;0.0871;2.0000;-0.0322;0.0871;2.0000;NULL;NULL;0.0245;-0.6308;0.2726;15.1409;23.7043;339.4661;0.0232;-0.6270;0.2616;13.9643;26.5505;339.7430;1;NULL;-0.0583;-0.6326;0.1882;10.9149;5.8689;82.3586;Palm;NULL;NULL;NULL;NULL;1;0;0;-1;0;0;0.0000;0.0000;2.0000;0.0205;-1.8919;0.0003;0.0000;8.9140;0.0000;0.0000;0.0000;0.0000;0.0000;0.0000;0.0000;0;NULL;0.1324;-0.0825;0.4643;329.8790;349.7731;341.9743;Palm;NULL;46969c4b-2c36-421c-b922-129be17abb0a;NULL;NULL;2;Embodied;1;Skew;OpenLoop;8;LineBisectionFirst;2;0;NULL;0.0000;0.0000;2.0000;Exposure;0.4916;2026-05-20 13:38:25.1965;Hands;NULL;NULL;OpenXR
NULL;Right;NULL;13;Exposure;NULL;OppositeHandTrigger;1;0;0;-1;0;0;0.0000;0.0000;2.0000;NULL;Skew;anonymous;NULL;Mole Hit;MoleEvent;Participant;4980;1957d216-dffe-4a04-a2b4-c6692a89861b;NULL;-0.0020;0.0169;-0.0584;6.5171;5.4475;0.9811;0.0929;-0.0322;0.0871;2.0000;-0.0322;0.0871;2.0000;NULL;1;0.0245;-0.6308;0.2726;15.1409;23.7043;339.4661;0.0232;-0.6270;0.2616;13.9643;26.5505;339.7430;1;NULL;-0.0583;-0.6326;0.1882;10.9149;5.8689;82.3586;Palm;NULL;NULL;NULL;NULL;1;0;0;-1;0;0;0.0000;0.0000;2.0000;0.0205;-1.8919;0.0003;0.0000;8.9140;0.0000;0.0000;0.0000;0.0000;0.0000;0.0000;0.0000;0;NULL;0.1324;-0.0825;0.4643;329.8790;349.7731;341.9743;Palm;NULL;46969c4b-2c36-421c-b922-129be17abb0a;NULL;NULL;2;Embodied;1;Skew;OpenLoop;8;LineBisectionFirst;2;0;NULL;0.0000;0.0000;2.0000;Exposure;0.0000;2026-05-20 13:38:25.1965;Hands;NULL;NULL;OpenXR
NULL;Right;NULL;NULL;Exposure;NULL;OppositeHandTrigger;2;1;0;0;0;0;0.5000;0.0000;2.0000;NULL;Skew;anonymous;NULL;Mole Spawned;MoleEvent;Participant;4980;1957d216-dffe-4a04-a2b4-c6692a89861b;NULL;-0.0020;0.0169;-0.0584;6.5171;5.4475;0.9811;NULL;NULL;NULL;NULL;NULL;NULL;NULL;NULL;NULL;0.0245;-0.6308;0.2726;15.1409;23.7043;339.4661;0.0232;-0.6270;0.2616;13.9643;26.5505;339.7430;1;NULL;-0.0583;-0.6326;0.1882;10.9149;5.8689;82.3586;Palm;NULL;NULL;NULL;NULL;2;1;0;0;0;0;0.5000;0.0000;2.0000;0.0205;-1.8919;0.0003;0.0000;8.9140;0.0000;0.0000;0.0000;0.0000;0.0000;0.0000;0.0000;0;NULL;0.1324;-0.0825;0.4643;329.8790;349.7731;341.9743;Palm;NULL;46969c4b-2c36-421c-b922-129be17abb0a;NULL;NULL;2;Embodied;1;Skew;OpenLoop;8;LineBisectionFirst;NULL;1;NULL;0.5000;0.0000;2.0000;Exposure;0.0000;2026-05-20 13:38:25.1980;Hands;NULL;NULL;OpenXR
NULL;Right;NULL;14;Exposure;NULL;OppositeHandTrigger;2;1;0;0;0;0;0.5000;0.0000;2.0000;NULL;Skew;anonymous;NULL;Pointer Shoot;PointerEvent;Participant;5057;1957d216-dffe-4a04-a2b4-c6692a89861b;NULL;-0.0070;0.0172;-0.0589;6.3751;6.1822;2.0602;NULL;0.3641;0.0209;2.0000;0.3641;0.0209;2.0000;NULL;NULL;0.0241;-0.6307;0.2726;15.0889;23.7174;339.4956;0.0266;-0.6273;0.2620;13.8377;26.6008;339.5743;1;NULL;-0.0594;-0.6333;0.1882;10.0362;6.1939;81.6860;Palm;NULL;NULL;NULL;NULL;2;1;0;0;0;0;0.5000;0.0000;2.0000;0.0205;-1.8919;0.0003;0.0000;8.9140;0.0000;0.0000;0.0000;0.0000;0.0000;0.0000;0.0000;0;NULL;0.2602;-0.0913;0.4613;332.2814;3.7185;345.2017;Palm;NULL;46969c4b-2c36-421c-b922-129be17abb0a;NULL;NULL;2;Embodied;1;Skew;OpenLoop;8;LineBisectionFirst;3;1;NULL;0.5000;0.0000;2.0000;Exposure;0.6413;2026-05-20 13:38:25.8380;Hands;NULL;NULL;OpenXR
NULL;Right;NULL;14;Exposure;NULL;OppositeHandTrigger;2;1;0;0;0;0;0.5000;0.0000;2.0000;NULL;Skew;anonymous;NULL;Mole Missed;PointerEvent;Participant;5057;1957d216-dffe-4a04-a2b4-c6692a89861b;NULL;-0.0070;0.0172;-0.0589;6.3751;6.1822;2.0602;0.1375;0.3641;0.0209;2.0000;0.3641;0.0209;2.0000;NULL;0;0.0241;-0.6307;0.2726;15.0889;23.7174;339.4956;0.0266;-0.6273;0.2620;13.8377;26.6008;339.5743;1;NULL;-0.0594;-0.6333;0.1882;10.0362;6.1939;81.6860;Palm;NULL;NULL;NULL;NULL;2;1;0;0;0;0;0.5000;0.0000;2.0000;0.0205;-1.8919;0.0003;0.0000;8.9140;0.0000;0.0000;0.0000;0.0000;0.0000;0.0000;0.0000;0;NULL;0.2602;-0.0913;0.4613;332.2814;3.7185;345.2017;Palm;NULL;46969c4b-2c36-421c-b922-129be17abb0a;NULL;NULL;2;Embodied;1;Skew;OpenLoop;8;LineBisectionFirst;3;1;NULL;0.5000;0.0000;2.0000;Exposure;0.0000;2026-05-20 13:38:25.8380;Hands;NULL;NULL;OpenXR
NULL;Right;NULL;NULL;Exposure;NULL;OppositeHandTrigger;1;0;0;-1;0;0;0.0000;0.0000;2.0000;NULL;Skew;anonymous;NULL;Mole Spawned;MoleEvent;Participant;5057;1957d216-dffe-4a04-a2b4-c6692a89861b;NULL;-0.0070;0.0172;-0.0589;6.3751;6.1822;2.0602;NULL;NULL;NULL;NULL;NULL;NULL;NULL;NULL;NULL;0.0241;-0.6307;0.2726;15.0889;23.7174;339.4956;0.0266;-0.6273;0.2620;13.8377;26.6008;339.5743;1;NULL;-0.0594;-0.6333;0.1882;10.0362;6.1939;81.6860;Palm;NULL;NULL;NULL;NULL;1;0;0;-1;0;0;0.0000;0.0000;2.0000;0.0205;-1.8919;0.0003;0.0000;8.9140;0.0000;0.0000;0.0000;0.0000;0.0000;0.0000;0.0000;0;NULL;0.2602;-0.0913;0.4613;332.2814;3.7185;345.2017;Palm;NULL;46969c4b-2c36-421c-b922-129be17abb0a;NULL;NULL;2;Embodied;1;Skew;OpenLoop;8;LineBisectionFirst;NULL;0;NULL;0.0000;0.0000;2.0000;Exposure;0.0000;2026-05-20 13:38:25.8395;Hands;NULL;NULL;OpenXR
NULL;Right;NULL;15;Exposure;NULL;OppositeHandTrigger;1;0;0;-1;0;0;0.0000;0.0000;2.0000;NULL;Skew;anonymous;NULL;Pointer Shoot;PointerEvent;Participant;5154;1957d216-dffe-4a04-a2b4-c6692a89861b;NULL;-0.0069;0.0164;-0.0556;6.9414;4.9128;1.0859;NULL;-0.1375;-0.0184;2.0000;-0.1375;-0.0184;2.0000;NULL;NULL;0.0242;-0.6311;0.2728;14.9618;23.5028;339.1221;0.0220;-0.6268;0.2626;13.2615;25.8499;339.0353;1;NULL;-0.0612;-0.6356;0.1883;10.2009;6.0635;80.8161;Palm;NULL;NULL;NULL;NULL;1;0;0;-1;0;0;0.0000;0.0000;2.0000;0.0205;-1.8919;0.0003;0.0000;8.9140;0.0000;0.0000;0.0000;0.0000;0.0000;0.0000;0.0000;0;NULL;0.0927;-0.0950;0.4833;333.4300;346.8925;345.8464;Palm;NULL;46969c4b-2c36-421c-b922-129be17abb0a;NULL;NULL;2;Embodied;1;Skew;OpenLoop;8;LineBisectionFirst;3;0;NULL;0.0000;0.0000;2.0000;Exposure;0.8085;2026-05-20 13:38:26.6452;Hands;NULL;NULL;OpenXR
NULL;Right;NULL;15;Exposure;NULL;OppositeHandTrigger;1;0;0;-1;0;0;0.0000;0.0000;2.0000;NULL;Skew;anonymous;NULL;Mole Missed;PointerEvent;Participant;5154;1957d216-dffe-4a04-a2b4-c6692a89861b;NULL;-0.0069;0.0164;-0.0556;6.9414;4.9128;1.0859;0.1387;-0.1375;-0.0184;2.0000;-0.1375;-0.0184;2.0000;NULL;0;0.0242;-0.6311;0.2728;14.9618;23.5028;339.1221;0.0220;-0.6268;0.2626;13.2615;25.8499;339.0353;1;NULL;-0.0612;-0.6356;0.1883;10.2009;6.0635;80.8161;Palm;NULL;NULL;NULL;NULL;1;0;0;-1;0;0;0.0000;0.0000;2.0000;0.0205;-1.8919;0.0003;0.0000;8.9140;0.0000;0.0000;0.0000;0.0000;0.0000;0.0000;0.0000;0;NULL;0.0927;-0.0950;0.4833;333.4300;346.8925;345.8464;Palm;NULL;46969c4b-2c36-421c-b922-129be17abb0a;NULL;NULL;2;Embodied;1;Skew;OpenLoop;8;LineBisectionFirst;3;0;NULL;0.0000;0.0000;2.0000;Exposure;0.0000;2026-05-20 13:38:26.6472;Hands;NULL;NULL;OpenXR
NULL;Right;NULL;NULL;Exposure;NULL;OppositeHandTrigger;3;2;0;1;0;0;-0.5000;0.0000;2.0000;NULL;Skew;anonymous;NULL;Mole Spawned;MoleEvent;Participant;5154;1957d216-dffe-4a04-a2b4-c6692a89861b;NULL;-0.0069;0.0164;-0.0556;6.9414;4.9128;1.0859;NULL;NULL;NULL;NULL;NULL;NULL;NULL;NULL;NULL;0.0242;-0.6311;0.2728;14.9618;23.5028;339.1221;0.0220;-0.6268;0.2626;13.2615;25.8499;339.0353;1;NULL;-0.0612;-0.6356;0.1883;10.2009;6.0635;80.8161;Palm;NULL;NULL;NULL;NULL;3;2;0;1;0;0;-0.5000;0.0000;2.0000;0.0205;-1.8919;0.0003;0.0000;8.9140;0.0000;0.0000;0.0000;0.0000;0.0000;0.0000;0.0000;0;NULL;0.0927;-0.0950;0.4833;333.4300;346.8925;345.8464;Palm;NULL;46969c4b-2c36-421c-b922-129be17abb0a;NULL;NULL;2;Embodied;1;Skew;OpenLoop;8;LineBisectionFirst;NULL;2;NULL;-0.5000;0.0000;2.0000;Exposure;0.0000;2026-05-20 13:38:26.6478;Hands;NULL;NULL;OpenXR
NULL;Right;NULL;16;Exposure;NULL;OppositeHandTrigger;3;2;0;1;0;0;-0.5000;0.0000;2.0000;NULL;Skew;anonymous;NULL;Pointer Shoot;PointerEvent;Participant;5227;1957d216-dffe-4a04-a2b4-c6692a89861b;NULL;-0.0037;0.0152;-0.0543;7.3529;5.0854;0.5879;NULL;-0.4102;0.0566;2.0000;-0.4102;0.0566;2.0000;NULL;NULL;0.0240;-0.6309;0.2727;14.8439;23.3996;338.8686;0.0226;-0.6267;0.2621;13.4570;25.9166;339.1306;1;NULL;-0.0589;-0.6348;0.1893;9.2849;6.3178;82.9675;Palm;NULL;NULL;NULL;NULL;3;2;0;1;0;0;-0.5000;0.0000;2.0000;0.0205;-1.8919;0.0003;0.0000;8.9140;0.0000;0.0000;0.0000;0.0000;0.0000;0.0000;0.0000;0;NULL;0.0223;-0.0897;0.4672;331.3827;339.8888;343.0144;Palm;NULL;46969c4b-2c36-421c-b922-129be17abb0a;NULL;NULL;2;Embodied;1;Skew;OpenLoop;8;LineBisectionFirst;3;2;NULL;-0.5000;0.0000;2.0000;Exposure;0.6079;2026-05-20 13:38:27.2536;Hands;NULL;NULL;OpenXR
NULL;Right;NULL;16;Exposure;NULL;OppositeHandTrigger;3;2;0;1;0;0;-0.5000;0.0000;2.0000;NULL;Skew;anonymous;NULL;Mole Missed;PointerEvent;Participant;5227;1957d216-dffe-4a04-a2b4-c6692a89861b;NULL;-0.0037;0.0152;-0.0543;7.3529;5.0854;0.5879;0.1062;-0.4102;0.0566;2.0000;-0.4102;0.0566;2.0000;NULL;0;0.0240;-0.6309;0.2727;14.8439;23.3996;338.8686;0.0226;-0.6267;0.2621;13.4570;25.9166;339.1306;1;NULL;-0.0589;-0.6348;0.1893;9.2849;6.3178;82.9675;Palm;NULL;NULL;NULL;NULL;3;2;0;1;0;0;-0.5000;0.0000;2.0000;0.0205;-1.8919;0.0003;0.0000;8.9140;0.0000;0.0000;0.0000;0.0000;0.0000;0.0000;0.0000;0;NULL;0.0223;-0.0897;0.4672;331.3827;339.8888;343.0144;Palm;NULL;46969c4b-2c36-421c-b922-129be17abb0a;NULL;NULL;2;Embodied;1;Skew;OpenLoop;8;LineBisectionFirst;3;2;NULL;-0.5000;0.0000;2.0000;Exposure;0.0000;2026-05-20 13:38:27.2552;Hands;NULL;NULL;OpenXR
NULL;Right;NULL;NULL;Exposure;NULL;OppositeHandTrigger;1;0;0;-1;0;0;0.0000;0.0000;2.0000;NULL;Skew;anonymous;NULL;Mole Spawned;MoleEvent;Participant;5227;1957d216-dffe-4a04-a2b4-c6692a89861b;NULL;-0.0037;0.0152;-0.0543;7.3529;5.0854;0.5879;NULL;NULL;NULL;NULL;NULL;NULL;NULL;NULL;NULL;0.0240;-0.6309;0.2727;14.8439;23.3996;338.8686;0.0226;-0.6267;0.2621;13.4570;25.9166;339.1306;1;NULL;-0.0589;-0.6348;0.1893;9.2849;6.3178;82.9675;Palm;NULL;NULL;NULL;NULL;1;0;0;-1;0;0;0.0000;0.0000;2.0000;0.0205;-1.8919;0.0003;0.0000;8.9140;0.0000;0.0000;0.0000;0.0000;0.0000;0.0000;0.0000;0;NULL;0.0223;-0.0897;0.4672;331.3827;339.8888;343.0144;Palm;NULL;46969c4b-2c36-421c-b922-129be17abb0a;NULL;NULL;2;Embodied;1;Skew;OpenLoop;8;LineBisectionFirst;NULL;0;NULL;0.0000;0.0000;2.0000;Exposure;0.0000;2026-05-20 13:38:27.2567;Hands;NULL;NULL;OpenXR
NULL;Right;NULL;17;Exposure;NULL;OppositeHandTrigger;1;0;0;-1;0;0;0.0000;0.0000;2.0000;NULL;Skew;anonymous;NULL;Pointer Shoot;PointerEvent;Participant;5282;1957d216-dffe-4a04-a2b4-c6692a89861b;NULL;-0.0040;0.0152;-0.0549;7.3733;5.6062;1.2179;NULL;-0.2053;0.0030;2.0000;-0.2053;0.0030;2.0000;NULL;NULL;0.0243;-0.6309;0.2724;14.9127;24.0116;338.6505;0.0258;-0.6273;0.2614;13.8814;27.3229;339.5386;1;NULL;-0.0575;-0.6342;0.1910;8.9122;7.3346;84.2897;Palm;NULL;NULL;NULL;NULL;1;0;0;-1;0;0;0.0000;0.0000;2.0000;0.0205;-1.8919;0.0003;0.0000;8.9140;0.0000;0.0000;0.0000;0.0000;0.0000;0.0000;0.0000;0;NULL;0.1127;-0.1070;0.4761;332.1040;346.5853;344.1444;Palm;NULL;46969c4b-2c36-421c-b922-129be17abb0a;NULL;NULL;2;Embodied;1;Skew;OpenLoop;8;LineBisectionFirst;3;0;NULL;0.0000;0.0000;2.0000;Exposure;0.4584;2026-05-20 13:38:27.7129;Hands;NULL;NULL;OpenXR
NULL;Right;NULL;17;Exposure;NULL;OppositeHandTrigger;1;0;0;-1;0;0;0.0000;0.0000;2.0000;NULL;Skew;anonymous;NULL;Mole Missed;PointerEvent;Participant;5282;1957d216-dffe-4a04-a2b4-c6692a89861b;NULL;-0.0040;0.0152;-0.0549;7.3733;5.6062;1.2179;0.2053;-0.2053;0.0030;2.0000;-0.2053;0.0030;2.0000;NULL;0;0.0243;-0.6309;0.2724;14.9127;24.0116;338.6505;0.0258;-0.6273;0.2614;13.8814;27.3229;339.5386;1;NULL;-0.0575;-0.6342;0.1910;8.9122;7.3346;84.2897;Palm;NULL;NULL;NULL;NULL;1;0;0;-1;0;0;0.0000;0.0000;2.0000;0.0205;-1.8919;0.0003;0.0000;8.9140;0.0000;0.0000;0.0000;0.0000;0.0000;0.0000;0.0000;0;NULL;0.1127;-0.1070;0.4761;332.1040;346.5853;344.1444;Palm;NULL;46969c4b-2c36-421c-b922-129be17abb0a;NULL;NULL;2;Embodied;1;Skew;OpenLoop;8;LineBisectionFirst;3;0;NULL;0.0000;0.0000;2.0000;Exposure;0.0000;2026-05-20 13:38:27.7134;Hands;NULL;NULL;OpenXR
NULL;Right;NULL;NULL;Exposure;NULL;OppositeHandTrigger;2;1;0;0;0;0;0.5000;0.0000;2.0000;NULL;Skew;anonymous;NULL;Mole Spawned;MoleEvent;Participant;5282;1957d216-dffe-4a04-a2b4-c6692a89861b;NULL;-0.0040;0.0152;-0.0549;7.3733;5.6062;1.2179;NULL;NULL;NULL;NULL;NULL;NULL;NULL;NULL;NULL;0.0243;-0.6309;0.2724;14.9127;24.0116;338.6505;0.0258;-0.6273;0.2614;13.8814;27.3229;339.5386;1;NULL;-0.0575;-0.6342;0.1910;8.9122;7.3346;84.2897;Palm;NULL;NULL;NULL;NULL;2;1;0;0;0;0;0.5000;0.0000;2.0000;0.0205;-1.8919;0.0003;0.0000;8.9140;0.0000;0.0000;0.0000;0.0000;0.0000;0.0000;0.0000;0;NULL;0.1127;-0.1070;0.4761;332.1040;346.5853;344.1444;Palm;NULL;46969c4b-2c36-421c-b922-129be17abb0a;NULL;NULL;2;Embodied;1;Skew;OpenLoop;8;LineBisectionFirst;NULL;1;NULL;0.5000;0.0000;2.0000;Exposure;0.0000;2026-05-20 13:38:27.7154;Hands;NULL;NULL;OpenXR
NULL;Right;NULL;18;Exposure;NULL;OppositeHandTrigger;2;1;0;0;0;0;0.5000;0.0000;2.0000;NULL;Skew;anonymous;NULL;Pointer Shoot;PointerEvent;Participant;5359;1957d216-dffe-4a04-a2b4-c6692a89861b;NULL;-0.0046;0.0159;-0.0571;7.1706;7.1367;1.5066;NULL;0.4073;-0.0139;2.0000;0.4073;-0.0139;2.0000;NULL;NULL;0.0253;-0.6307;0.2719;15.0114;23.6075;338.6684;0.0256;-0.6280;0.2626;13.9864;26.2587;339.0134;1;NULL;-0.0586;-0.6340;0.1901;8.6739;7.4788;83.6377;Palm;NULL;NULL;NULL;NULL;2;1;0;0;0;0;0.5000;0.0000;2.0000;0.0205;-1.8919;0.0003;0.0000;8.9140;0.0000;0.0000;0.0000;0.0000;0.0000;0.0000;0.0000;0;NULL;0.2761;-0.0906;0.4634;333.3707;5.3362;344.1835;Palm;NULL;46969c4b-2c36-421c-b922-129be17abb0a;NULL;NULL;2;Embodied;1;Skew;OpenLoop;8;LineBisectionFirst;3;1;NULL;0.5000;0.0000;2.0000;Exposure;0.6498;2026-05-20 13:38:28.3623;Hands;NULL;NULL;OpenXR
NULL;Right;NULL;18;Exposure;NULL;OppositeHandTrigger;2;1;0;0;0;0;0.5000;0.0000;2.0000;NULL;Skew;anonymous;NULL;Mole Hit;MoleEvent;Participant;5359;1957d216-dffe-4a04-a2b4-c6692a89861b;NULL;-0.0046;0.0159;-0.0571;7.1706;7.1367;1.5066;0.0938;0.4073;-0.0139;2.0000;0.4073;-0.0139;2.0000;NULL;1;0.0253;-0.6307;0.2719;15.0114;23.6075;338.6684;0.0256;-0.6280;0.2626;13.9864;26.2587;339.0134;1;NULL;-0.0586;-0.6340;0.1901;8.6739;7.4788;83.6377;Palm;NULL;NULL;NULL;NULL;2;1;0;0;0;0;0.5000;0.0000;2.0000;0.0205;-1.8919;0.0003;0.0000;8.9140;0.0000;0.0000;0.0000;0.0000;0.0000;0.0000;0.0000;0;NULL;0.2761;-0.0906;0.4634;333.3707;5.3362;344.1835;Palm;NULL;46969c4b-2c36-421c-b922-129be17abb0a;NULL;NULL;2;Embodied;1;Skew;OpenLoop;8;LineBisectionFirst;3;1;NULL;0.5000;0.0000;2.0000;Exposure;0.0000;2026-05-20 13:38:28.3638;Hands;NULL;NULL;OpenXR
NULL;Right;NULL;NULL;Exposure;NULL;OppositeHandTrigger;3;2;0;1;0;0;-0.5000;0.0000;2.0000;NULL;Skew;anonymous;NULL;Mole Spawned;MoleEvent;Participant;5359;1957d216-dffe-4a04-a2b4-c6692a89861b;NULL;-0.0046;0.0159;-0.0571;7.1706;7.1367;1.5066;NULL;NULL;NULL;NULL;NULL;NULL;NULL;NULL;NULL;0.0253;-0.6307;0.2719;15.0114;23.6075;338.6684;0.0256;-0.6280;0.2626;13.9864;26.2587;339.0134;1;NULL;-0.0586;-0.6340;0.1901;8.6739;7.4788;83.6377;Palm;NULL;NULL;NULL;NULL;3;2;0;1;0;0;-0.5000;0.0000;2.0000;0.0205;-1.8919;0.0003;0.0000;8.9140;0.0000;0.0000;0.0000;0.0000;0.0000;0.0000;0.0000;0;NULL;0.2761;-0.0906;0.4634;333.3707;5.3362;344.1835;Palm;NULL;46969c4b-2c36-421c-b922-129be17abb0a;NULL;NULL;2;Embodied;1;Skew;OpenLoop;8;LineBisectionFirst;NULL;2;NULL;-0.5000;0.0000;2.0000;Exposure;0.0000;2026-05-20 13:38:28.3638;Hands;NULL;NULL;OpenXR
NULL;Right;NULL;19;Exposure;NULL;OppositeHandTrigger;3;2;0;1;0;0;-0.5000;0.0000;2.0000;NULL;Skew;anonymous;NULL;Pointer Shoot;PointerEvent;Participant;5445;1957d216-dffe-4a04-a2b4-c6692a89861b;NULL;-0.0013;0.0151;-0.0543;7.6300;6.6509;0.5799;NULL;-0.2871;0.0733;2.0000;-0.2871;0.0733;2.0000;NULL;NULL;0.0260;-0.6310;0.2718;14.7422;23.9756;338.3295;0.0233;-0.6264;0.2613;13.1555;26.2690;338.8340;1;NULL;-0.0575;-0.6347;0.1908;8.6976;7.4953;83.5096;Palm;NULL;NULL;NULL;NULL;3;2;0;1;0;0;-0.5000;0.0000;2.0000;0.0205;-1.8919;0.0003;0.0000;8.9140;0.0000;0.0000;0.0000;0.0000;0.0000;0.0000;0.0000;0;NULL;0.0636;-0.0638;0.4629;331.3937;342.0467;341.4357;Palm;NULL;46969c4b-2c36-421c-b922-129be17abb0a;NULL;NULL;2;Embodied;1;Skew;OpenLoop;8;LineBisectionFirst;4;2;NULL;-0.5000;0.0000;2.0000;Exposure;0.7163;2026-05-20 13:38:29.0776;Hands;NULL;NULL;OpenXR
NULL;Right;NULL;19;Exposure;NULL;OppositeHandTrigger;3;2;0;1;0;0;-0.5000;0.0000;2.0000;NULL;Skew;anonymous;NULL;Mole Missed;PointerEvent;Participant;5445;1957d216-dffe-4a04-a2b4-c6692a89861b;NULL;-0.0013;0.0151;-0.0543;7.6300;6.6509;0.5799;0.2251;-0.2871;0.0733;2.0000;-0.2871;0.0733;2.0000;NULL;0;0.0260;-0.6310;0.2718;14.7422;23.9756;338.3295;0.0233;-0.6264;0.2613;13.1555;26.2690;338.8340;1;NULL;-0.0575;-0.6347;0.1908;8.6976;7.4953;83.5096;Palm;NULL;NULL;NULL;NULL;3;2;0;1;0;0;-0.5000;0.0000;2.0000;0.0205;-1.8919;0.0003;0.0000;8.9140;0.0000;0.0000;0.0000;0.0000;0.0000;0.0000;0.0000;0;NULL;0.0636;-0.0638;0.4629;331.3937;342.0467;341.4357;Palm;NULL;46969c4b-2c36-421c-b922-129be17abb0a;NULL;NULL;2;Embodied;1;Skew;OpenLoop;8;LineBisectionFirst;4;2;NULL;-0.5000;0.0000;2.0000;Exposure;0.0000;2026-05-20 13:38:29.0791;Hands;NULL;NULL;OpenXR
NULL;Right;NULL;NULL;Exposure;NULL;OppositeHandTrigger;1;0;0;-1;0;0;0.0000;0.0000;2.0000;NULL;Skew;anonymous;NULL;Mole Spawned;MoleEvent;Participant;5445;1957d216-dffe-4a04-a2b4-c6692a89861b;NULL;-0.0013;0.0151;-0.0543;7.6300;6.6509;0.5799;NULL;NULL;NULL;NULL;NULL;NULL;NULL;NULL;NULL;0.0260;-0.6310;0.2718;14.7422;23.9756;338.3295;0.0233;-0.6264;0.2613;13.1555;26.2690;338.8340;1;NULL;-0.0575;-0.6347;0.1908;8.6976;7.4953;83.5096;Palm;NULL;NULL;NULL;NULL;1;0;0;-1;0;0;0.0000;0.0000;2.0000;0.0205;-1.8919;0.0003;0.0000;8.9140;0.0000;0.0000;0.0000;0.0000;0.0000;0.0000;0.0000;0;NULL;0.0636;-0.0638;0.4629;331.3937;342.0467;341.4357;Palm;NULL;46969c4b-2c36-421c-b922-129be17abb0a;NULL;NULL;2;Embodied;1;Skew;OpenLoop;8;LineBisectionFirst;NULL;0;NULL;0.0000;0.0000;2.0000;Exposure;0.0000;2026-05-20 13:38:29.0806;Hands;NULL;NULL;OpenXR
NULL;Right;NULL;20;Exposure;NULL;OppositeHandTrigger;1;0;0;-1;0;0;0.0000;0.0000;2.0000;NULL;Skew;anonymous;NULL;Pointer Shoot;PointerEvent;Participant;5499;1957d216-dffe-4a04-a2b4-c6692a89861b;NULL;-0.0026;0.0150;-0.0524;7.9021;7.3213;0.9191;NULL;-0.1438;0.0774;2.0000;-0.1438;0.0774;2.0000;NULL;NULL;0.0257;-0.6308;0.2716;14.3580;24.5760;338.5731;0.0276;-0.6271;0.2605;12.9269;26.9764;337.9832;1;NULL;-0.0584;-0.6318;0.1901;8.9601;7.2394;82.9279;Palm;NULL;NULL;NULL;NULL;1;0;0;-1;0;0;0.0000;0.0000;2.0000;0.0205;-1.8919;0.0003;0.0000;8.9140;0.0000;0.0000;0.0000;0.0000;0.0000;0.0000;0.0000;0;NULL;0.1545;-0.0861;0.4690;334.1378;349.1937;339.3010;Palm;NULL;46969c4b-2c36-421c-b922-129be17abb0a;NULL;NULL;2;Embodied;1;Skew;OpenLoop;8;LineBisectionFirst;4;0;NULL;0.0000;0.0000;2.0000;Exposure;0.4497;2026-05-20 13:38:29.5285;Hands;NULL;NULL;OpenXR
NULL;Right;NULL;20;Exposure;NULL;OppositeHandTrigger;1;0;0;-1;0;0;0.0000;0.0000;2.0000;NULL;Skew;anonymous;NULL;Mole Missed;PointerEvent;Participant;5499;1957d216-dffe-4a04-a2b4-c6692a89861b;NULL;-0.0026;0.0150;-0.0524;7.9021;7.3213;0.9191;0.1633;-0.1438;0.0774;2.0000;-0.1438;0.0774;2.0000;NULL;0;0.0257;-0.6308;0.2716;14.3580;24.5760;338.5731;0.0276;-0.6271;0.2605;12.9269;26.9764;337.9832;1;NULL;-0.0584;-0.6318;0.1901;8.9601;7.2394;82.9279;Palm;NULL;NULL;NULL;NULL;1;0;0;-1;0;0;0.0000;0.0000;2.0000;0.0205;-1.8919;0.0003;0.0000;8.9140;0.0000;0.0000;0.0000;0.0000;0.0000;0.0000;0.0000;0;NULL;0.1545;-0.0861;0.4690;334.1378;349.1937;339.3010;Palm;NULL;46969c4b-2c36-421c-b922-129be17abb0a;NULL;NULL;2;Embodied;1;Skew;OpenLoop;8;LineBisectionFirst;4;0;NULL;0.0000;0.0000;2.0000;Exposure;0.0000;2026-05-20 13:38:29.5285;Hands;NULL;NULL;OpenXR
NULL;Right;NULL;NULL;Exposure;NULL;OppositeHandTrigger;3;2;0;1;0;0;-0.5000;0.0000;2.0000;NULL;Skew;anonymous;NULL;Mole Spawned;MoleEvent;Participant;5499;1957d216-dffe-4a04-a2b4-c6692a89861b;NULL;-0.0026;0.0150;-0.0524;7.9021;7.3213;0.9191;NULL;NULL;NULL;NULL;NULL;NULL;NULL;NULL;NULL;0.0257;-0.6308;0.2716;14.3580;24.5760;338.5731;0.0276;-0.6271;0.2605;12.9269;26.9764;337.9832;1;NULL;-0.0584;-0.6318;0.1901;8.9601;7.2394;82.9279;Palm;NULL;NULL;NULL;NULL;3;2;0;1;0;0;-0.5000;0.0000;2.0000;0.0205;-1.8919;0.0003;0.0000;8.9140;0.0000;0.0000;0.0000;0.0000;0.0000;0.0000;0.0000;0;NULL;0.1545;-0.0861;0.4690;334.1378;349.1937;339.3010;Palm;NULL;46969c4b-2c36-421c-b922-129be17abb0a;NULL;NULL;2;Embodied;1;Skew;OpenLoop;8;LineBisectionFirst;NULL;2;NULL;-0.5000;0.0000;2.0000;Exposure;0.0000;2026-05-20 13:38:29.5310;Hands;NULL;NULL;OpenXR
NULL;Right;NULL;21;Exposure;NULL;OppositeHandTrigger;3;2;0;1;0;0;-0.5000;0.0000;2.0000;NULL;Skew;anonymous;NULL;Pointer Shoot;PointerEvent;Participant;5579;1957d216-dffe-4a04-a2b4-c6692a89861b;NULL;0.0014;0.0154;-0.0581;7.4786;6.8544;0.1246;NULL;-0.4263;0.0851;2.0000;-0.4263;0.0851;2.0000;NULL;NULL;0.0258;-0.6312;0.2720;14.8302;23.4838;338.2888;0.0230;-0.6280;0.2628;13.5789;25.2337;338.2183;1;NULL;-0.0578;-0.6329;0.1894;8.6609;7.0484;82.3134;Palm;NULL;NULL;NULL;NULL;3;2;0;1;0;0;-0.5000;0.0000;2.0000;0.0205;-1.8919;0.0003;0.0000;8.9140;0.0000;0.0000;0.0000;0.0000;0.0000;0.0000;0.0000;0;NULL;0.0642;-0.0794;0.4643;332.7584;340.3658;341.8121;Palm;NULL;46969c4b-2c36-421c-b922-129be17abb0a;NULL;NULL;2;Embodied;1;Skew;OpenLoop;8;LineBisectionFirst;4;2;NULL;-0.5000;0.0000;2.0000;Exposure;0.6666;2026-05-20 13:38:30.1948;Hands;NULL;NULL;OpenXR
NULL;Right;NULL;21;Exposure;NULL;OppositeHandTrigger;3;2;0;1;0;0;-0.5000;0.0000;2.0000;NULL;Skew;anonymous;NULL;Mole Missed;PointerEvent;Participant;5579;1957d216-dffe-4a04-a2b4-c6692a89861b;NULL;0.0014;0.0154;-0.0581;7.4786;6.8544;0.1246;0.1126;-0.4263;0.0851;2.0000;-0.4263;0.0851;2.0000;NULL;0;0.0258;-0.6312;0.2720;14.8302;23.4838;338.2888;0.0230;-0.6280;0.2628;13.5789;25.2337;338.2183;1;NULL;-0.0578;-0.6329;0.1894;8.6609;7.0484;82.3134;Palm;NULL;NULL;NULL;NULL;3;2;0;1;0;0;-0.5000;0.0000;2.0000;0.0205;-1.8919;0.0003;0.0000;8.9140;0.0000;0.0000;0.0000;0.0000;0.0000;0.0000;0.0000;0;NULL;0.0642;-0.0794;0.4643;332.7584;340.3658;341.8121;Palm;NULL;46969c4b-2c36-421c-b922-129be17abb0a;NULL;NULL;2;Embodied;1;Skew;OpenLoop;8;LineBisectionFirst;4;2;NULL;-0.5000;0.0000;2.0000;Exposure;0.0000;2026-05-20 13:38:30.1963;Hands;NULL;NULL;OpenXR
NULL;Right;NULL;NULL;Exposure;NULL;OppositeHandTrigger;2;1;0;0;0;0;0.5000;0.0000;2.0000;NULL;Skew;anonymous;NULL;Mole Spawned;MoleEvent;Participant;5579;1957d216-dffe-4a04-a2b4-c6692a89861b;NULL;0.0014;0.0154;-0.0581;7.4786;6.8544;0.1246;NULL;NULL;NULL;NULL;NULL;NULL;NULL;NULL;NULL;0.0258;-0.6312;0.2720;14.8302;23.4838;338.2888;0.0230;-0.6280;0.2628;13.5789;25.2337;338.2183;1;NULL;-0.0578;-0.6329;0.1894;8.6609;7.0484;82.3134;Palm;NULL;NULL;NULL;NULL;2;1;0;0;0;0;0.5000;0.0000;2.0000;0.0205;-1.8919;0.0003;0.0000;8.9140;0.0000;0.0000;0.0000;0.0000;0.0000;0.0000;0.0000;0;NULL;0.0642;-0.0794;0.4643;332.7584;340.3658;341.8121;Palm;NULL;46969c4b-2c36-421c-b922-129be17abb0a;NULL;NULL;2;Embodied;1;Skew;OpenLoop;8;LineBisectionFirst;NULL;1;NULL;0.5000;0.0000;2.0000;Exposure;0.0000;2026-05-20 13:38:30.1978;Hands;NULL;NULL;OpenXR
NULL;Right;NULL;22;Exposure;NULL;OppositeHandTrigger;2;1;0;0;0;0;0.5000;0.0000;2.0000;NULL;Skew;anonymous;NULL;Pointer Shoot;PointerEvent;Participant;5671;1957d216-dffe-4a04-a2b4-c6692a89861b;NULL;-0.0017;0.0144;-0.0525;8.1028;8.1072;1.3425;NULL;0.4687;-0.0466;2.0000;0.4687;-0.0466;2.0000;NULL;NULL;0.0256;-0.6324;0.2722;15.2664;24.3416;338.4401;0.0281;-0.6290;0.2614;13.8219;27.2091;338.4637;1;NULL;-0.0597;-0.6339;0.1889;9.7847;6.9570;80.7884;Palm;NULL;NULL;NULL;NULL;2;1;0;0;0;0;0.5000;0.0000;2.0000;0.0205;-1.8919;0.0003;0.0000;8.9140;0.0000;0.0000;0.0000;0.0000;0.0000;0.0000;0.0000;0;NULL;0.3113;-0.0878;0.4479;335.9971;4.6471;346.9427;Palm;NULL;46969c4b-2c36-421c-b922-129be17abb0a;NULL;NULL;2;Embodied;1;Skew;OpenLoop;8;LineBisectionFirst;4;1;NULL;0.5000;0.0000;2.0000;Exposure;0.7664;2026-05-20 13:38:30.9613;Hands;NULL;NULL;OpenXR
NULL;Right;NULL;22;Exposure;NULL;OppositeHandTrigger;2;1;0;0;0;0;0.5000;0.0000;2.0000;NULL;Skew;anonymous;NULL;Mole Hit;MoleEvent;Participant;5671;1957d216-dffe-4a04-a2b4-c6692a89861b;NULL;-0.0017;0.0144;-0.0525;8.1028;8.1072;1.3425;0.0562;0.4687;-0.0466;2.0000;0.4687;-0.0466;2.0000;NULL;1;0.0256;-0.6324;0.2722;15.2664;24.3416;338.4401;0.0281;-0.6290;0.2614;13.8219;27.2091;338.4637;1;NULL;-0.0597;-0.6339;0.1889;9.7847;6.9570;80.7884;Palm;NULL;NULL;NULL;NULL;2;1;0;0;0;0;0.5000;0.0000;2.0000;0.0205;-1.8919;0.0003;0.0000;8.9140;0.0000;0.0000;0.0000;0.0000;0.0000;0.0000;0.0000;0;NULL;0.3113;-0.0878;0.4479;335.9971;4.6471;346.9427;Palm;NULL;46969c4b-2c36-421c-b922-129be17abb0a;NULL;NULL;2;Embodied;1;Skew;OpenLoop;8;LineBisectionFirst;4;1;NULL;0.5000;0.0000;2.0000;Exposure;0.0000;2026-05-20 13:38:30.9623;Hands;NULL;NULL;OpenXR
NULL;Right;NULL;NULL;Exposure;NULL;OppositeHandTrigger;1;0;0;-1;0;0;0.0000;0.0000;2.0000;NULL;Skew;anonymous;NULL;Mole Spawned;MoleEvent;Participant;5671;1957d216-dffe-4a04-a2b4-c6692a89861b;NULL;-0.0017;0.0144;-0.0525;8.1028;8.1072;1.3425;NULL;NULL;NULL;NULL;NULL;NULL;NULL;NULL;NULL;0.0256;-0.6324;0.2722;15.2664;24.3416;338.4401;0.0281;-0.6290;0.2614;13.8219;27.2091;338.4637;1;NULL;-0.0597;-0.6339;0.1889;9.7847;6.9570;80.7884;Palm;NULL;NULL;NULL;NULL;1;0;0;-1;0;0;0.0000;0.0000;2.0000;0.0205;-1.8919;0.0003;0.0000;8.9140;0.0000;0.0000;0.0000;0.0000;0.0000;0.0000;0.0000;0;NULL;0.3113;-0.0878;0.4479;335.9971;4.6471;346.9427;Palm;NULL;46969c4b-2c36-421c-b922-129be17abb0a;NULL;NULL;2;Embodied;1;Skew;OpenLoop;8;LineBisectionFirst;NULL;0;NULL;0.0000;0.0000;2.0000;Exposure;0.0000;2026-05-20 13:38:30.9643;Hands;NULL;NULL;OpenXR
NULL;Right;NULL;23;Exposure;NULL;OppositeHandTrigger;1;0;0;-1;0;0;0.0000;0.0000;2.0000;NULL;Skew;anonymous;NULL;Pointer Shoot;PointerEvent;Participant;5743;1957d216-dffe-4a04-a2b4-c6692a89861b;NULL;-0.0020;0.0146;-0.0557;7.8806;7.6223;0.8102;NULL;0.0286;0.0174;2.0000;0.0286;0.0174;2.0000;NULL;NULL;0.0274;-0.6325;0.2717;15.2155;24.2384;337.9001;0.0244;-0.6291;0.2625;13.8887;26.4882;338.2657;1;NULL;-0.0577;-0.6334;0.1903;9.5361;7.3297;82.1205;Palm;NULL;NULL;NULL;NULL;1;0;0;-1;0;0;0.0000;0.0000;2.0000;0.0205;-1.8919;0.0003;0.0000;8.9140;0.0000;0.0000;0.0000;0.0000;0.0000;0.0000;0.0000;0;NULL;0.1603;-0.0748;0.4738;332.6390;351.4013;345.0215;Palm;NULL;46969c4b-2c36-421c-b922-129be17abb0a;NULL;NULL;2;Embodied;1;Skew;OpenLoop;8;LineBisectionFirst;5;0;NULL;0.0000;0.0000;2.0000;Exposure;0.5999;2026-05-20 13:38:31.5613;Hands;NULL;NULL;OpenXR
NULL;Right;NULL;23;Exposure;NULL;OppositeHandTrigger;1;0;0;-1;0;0;0.0000;0.0000;2.0000;NULL;Skew;anonymous;NULL;Mole Hit;MoleEvent;Participant;5743;1957d216-dffe-4a04-a2b4-c6692a89861b;NULL;-0.0020;0.0146;-0.0557;7.8806;7.6223;0.8102;0.0334;0.0286;0.0174;2.0000;0.0286;0.0174;2.0000;NULL;1;0.0274;-0.6325;0.2717;15.2155;24.2384;337.9001;0.0244;-0.6291;0.2625;13.8887;26.4882;338.2657;1;NULL;-0.0577;-0.6334;0.1903;9.5361;7.3297;82.1205;Palm;NULL;NULL;NULL;NULL;1;0;0;-1;0;0;0.0000;0.0000;2.0000;0.0205;-1.8919;0.0003;0.0000;8.9140;0.0000;0.0000;0.0000;0.0000;0.0000;0.0000;0.0000;0;NULL;0.1603;-0.0748;0.4738;332.6390;351.4013;345.0215;Palm;NULL;46969c4b-2c36-421c-b922-129be17abb0a;NULL;NULL;2;Embodied;1;Skew;OpenLoop;8;LineBisectionFirst;5;0;NULL;0.0000;0.0000;2.0000;Exposure;0.0000;2026-05-20 13:38:31.5628;Hands;NULL;NULL;OpenXR
NULL;Right;NULL;NULL;Exposure;NULL;OppositeHandTrigger;2;1;0;0;0;0;0.5000;0.0000;2.0000;NULL;Skew;anonymous;NULL;Mole Spawned;MoleEvent;Participant;5743;1957d216-dffe-4a04-a2b4-c6692a89861b;NULL;-0.0020;0.0146;-0.0557;7.8806;7.6223;0.8102;NULL;NULL;NULL;NULL;NULL;NULL;NULL;NULL;NULL;0.0274;-0.6325;0.2717;15.2155;24.2384;337.9001;0.0244;-0.6291;0.2625;13.8887;26.4882;338.2657;1;NULL;-0.0577;-0.6334;0.1903;9.5361;7.3297;82.1205;Palm;NULL;NULL;NULL;NULL;2;1;0;0;0;0;0.5000;0.0000;2.0000;0.0205;-1.8919;0.0003;0.0000;8.9140;0.0000;0.0000;0.0000;0.0000;0.0000;0.0000;0.0000;0;NULL;0.1603;-0.0748;0.4738;332.6390;351.4013;345.0215;Palm;NULL;46969c4b-2c36-421c-b922-129be17abb0a;NULL;NULL;2;Embodied;1;Skew;OpenLoop;8;LineBisectionFirst;NULL;1;NULL;0.5000;0.0000;2.0000;Exposure;0.0000;2026-05-20 13:38:31.5634;Hands;NULL;NULL;OpenXR
NULL;Right;NULL;24;Exposure;NULL;OppositeHandTrigger;2;1;0;0;0;0;0.5000;0.0000;2.0000;NULL;Skew;anonymous;NULL;Pointer Shoot;PointerEvent;Participant;5829;1957d216-dffe-4a04-a2b4-c6692a89861b;NULL;-0.0087;0.0150;-0.0553;7.8119;7.5722;1.7826;NULL;0.5913;-0.0299;2.0000;0.5913;-0.0299;2.0000;NULL;NULL;0.0259;-0.6326;0.2725;14.8428;23.6097;338.1472;0.0254;-0.6292;0.2636;13.9726;25.1419;337.9534;1;NULL;-0.0603;-0.6333;0.1898;9.3044;6.4882;80.8627;Palm;NULL;NULL;NULL;NULL;2;1;0;0;0;0;0.5000;0.0000;2.0000;0.0205;-1.8919;0.0003;0.0000;8.9140;0.0000;0.0000;0.0000;0.0000;0.0000;0.0000;0.0000;0;NULL;0.3186;-0.0889;0.4450;334.5501;9.9392;345.0253;Palm;NULL;46969c4b-2c36-421c-b922-129be17abb0a;NULL;NULL;2;Embodied;1;Skew;OpenLoop;8;LineBisectionFirst;6;1;NULL;0.5000;0.0000;2.0000;Exposure;0.7166;2026-05-20 13:38:32.2774;Hands;NULL;NULL;OpenXR
NULL;Right;NULL;24;Exposure;NULL;OppositeHandTrigger;2;1;0;0;0;0;0.5000;0.0000;2.0000;NULL;Skew;anonymous;NULL;Mole Hit;MoleEvent;Participant;5829;1957d216-dffe-4a04-a2b4-c6692a89861b;NULL;-0.0087;0.0150;-0.0553;7.8119;7.5722;1.7826;0.0961;0.5913;-0.0299;2.0000;0.5913;-0.0299;2.0000;NULL;1;0.0259;-0.6326;0.2725;14.8428;23.6097;338.1472;0.0254;-0.6292;0.2636;13.9726;25.1419;337.9534;1;NULL;-0.0603;-0.6333;0.1898;9.3044;6.4882;80.8627;Palm;NULL;NULL;NULL;NULL;2;1;0;0;0;0;0.5000;0.0000;2.0000;0.0205;-1.8919;0.0003;0.0000;8.9140;0.0000;0.0000;0.0000;0.0000;0.0000;0.0000;0.0000;0;NULL;0.3186;-0.0889;0.4450;334.5501;9.9392;345.0253;Palm;NULL;46969c4b-2c36-421c-b922-129be17abb0a;NULL;NULL;2;Embodied;1;Skew;OpenLoop;8;LineBisectionFirst;6;1;NULL;0.5000;0.0000;2.0000;Exposure;0.0000;2026-05-20 13:38:32.2789;Hands;NULL;NULL;OpenXR
NULL;Right;NULL;NULL;Exposure;NULL;OppositeHandTrigger;1;0;0;-1;0;0;0.0000;0.0000;2.0000;NULL;Skew;anonymous;NULL;Mole Spawned;MoleEvent;Participant;5829;1957d216-dffe-4a04-a2b4-c6692a89861b;NULL;-0.0087;0.0150;-0.0553;7.8119;7.5722;1.7826;NULL;NULL;NULL;NULL;NULL;NULL;NULL;NULL;NULL;0.0259;-0.6326;0.2725;14.8428;23.6097;338.1472;0.0254;-0.6292;0.2636;13.9726;25.1419;337.9534;1;NULL;-0.0603;-0.6333;0.1898;9.3044;6.4882;80.8627;Palm;NULL;NULL;NULL;NULL;1;0;0;-1;0;0;0.0000;0.0000;2.0000;0.0205;-1.8919;0.0003;0.0000;8.9140;0.0000;0.0000;0.0000;0.0000;0.0000;0.0000;0.0000;0;NULL;0.3186;-0.0889;0.4450;334.5501;9.9392;345.0253;Palm;NULL;46969c4b-2c36-421c-b922-129be17abb0a;NULL;NULL;2;Embodied;1;Skew;OpenLoop;8;LineBisectionFirst;NULL;0;NULL;0.0000;0.0000;2.0000;Exposure;0.0000;2026-05-20 13:38:32.2814;Hands;NULL;NULL;OpenXR
NULL;Right;NULL;25;Exposure;NULL;OppositeHandTrigger;1;0;0;-1;0;0;0.0000;0.0000;2.0000;NULL;Skew;anonymous;NULL;Pointer Shoot;PointerEvent;Participant;5901;1957d216-dffe-4a04-a2b4-c6692a89861b;NULL;-0.0066;0.0147;-0.0541;8.0396;7.3048;1.0488;NULL;-0.0596;0.0614;2.0000;-0.0596;0.0614;2.0000;NULL;NULL;0.0263;-0.6323;0.2722;14.7733;24.0991;338.0455;0.0233;-0.6275;0.2619;13.2967;26.0752;337.9654;1;NULL;-0.0589;-0.6338;0.1899;10.0034;6.3821;82.1197;Palm;NULL;NULL;NULL;NULL;1;0;0;-1;0;0;0.0000;0.0000;2.0000;0.0205;-1.8919;0.0003;0.0000;8.9140;0.0000;0.0000;0.0000;0.0000;0.0000;0.0000;0.0000;0;NULL;0.1258;-0.0706;0.4680;330.8844;346.7985;346.7819;Palm;NULL;46969c4b-2c36-421c-b922-129be17abb0a;NULL;NULL;2;Embodied;1;Skew;OpenLoop;8;LineBisectionFirst;7;0;NULL;0.0000;0.0000;2.0000;Exposure;0.5996;2026-05-20 13:38:32.8767;Hands;NULL;NULL;OpenXR
NULL;Right;NULL;25;Exposure;NULL;OppositeHandTrigger;1;0;0;-1;0;0;0.0000;0.0000;2.0000;NULL;Skew;anonymous;NULL;Mole Hit;MoleEvent;Participant;5901;1957d216-dffe-4a04-a2b4-c6692a89861b;NULL;-0.0066;0.0147;-0.0541;8.0396;7.3048;1.0488;0.0855;-0.0596;0.0614;2.0000;-0.0596;0.0614;2.0000;NULL;1;0.0263;-0.6323;0.2722;14.7733;24.0991;338.0455;0.0233;-0.6275;0.2619;13.2967;26.0752;337.9654;1;NULL;-0.0589;-0.6338;0.1899;10.0034;6.3821;82.1197;Palm;NULL;NULL;NULL;NULL;1;0;0;-1;0;0;0.0000;0.0000;2.0000;0.0205;-1.8919;0.0003;0.0000;8.9140;0.0000;0.0000;0.0000;0.0000;0.0000;0.0000;0.0000;0;NULL;0.1258;-0.0706;0.4680;330.8844;346.7985;346.7819;Palm;NULL;46969c4b-2c36-421c-b922-129be17abb0a;NULL;NULL;2;Embodied;1;Skew;OpenLoop;8;LineBisectionFirst;7;0;NULL;0.0000;0.0000;2.0000;Exposure;0.0000;2026-05-20 13:38:32.8782;Hands;NULL;NULL;OpenXR
NULL;Right;NULL;NULL;Exposure;NULL;OppositeHandTrigger;3;2;0;1;0;0;-0.5000;0.0000;2.0000;NULL;Skew;anonymous;NULL;Mole Spawned;MoleEvent;Participant;5901;1957d216-dffe-4a04-a2b4-c6692a89861b;NULL;-0.0066;0.0147;-0.0541;8.0396;7.3048;1.0488;NULL;NULL;NULL;NULL;NULL;NULL;NULL;NULL;NULL;0.0263;-0.6323;0.2722;14.7733;24.0991;338.0455;0.0233;-0.6275;0.2619;13.2967;26.0752;337.9654;1;NULL;-0.0589;-0.6338;0.1899;10.0034;6.3821;82.1197;Palm;NULL;NULL;NULL;NULL;3;2;0;1;0;0;-0.5000;0.0000;2.0000;0.0205;-1.8919;0.0003;0.0000;8.9140;0.0000;0.0000;0.0000;0.0000;0.0000;0.0000;0.0000;0;NULL;0.1258;-0.0706;0.4680;330.8844;346.7985;346.7819;Palm;NULL;46969c4b-2c36-421c-b922-129be17abb0a;NULL;NULL;2;Embodied;1;Skew;OpenLoop;8;LineBisectionFirst;NULL;2;NULL;-0.5000;0.0000;2.0000;Exposure;0.0000;2026-05-20 13:38:32.8798;Hands;NULL;NULL;OpenXR
NULL;Right;NULL;26;Exposure;NULL;OppositeHandTrigger;3;2;0;1;0;0;-0.5000;0.0000;2.0000;NULL;Skew;anonymous;NULL;Pointer Shoot;PointerEvent;Participant;5969;1957d216-dffe-4a04-a2b4-c6692a89861b;NULL;0.0009;0.0147;-0.0573;8.0312;8.0627;0.4007;NULL;-0.2147;0.0668;2.0000;-0.2147;0.0668;2.0000;NULL;NULL;0.0257;-0.6323;0.2725;15.2113;23.5174;338.1386;0.0237;-0.6284;0.2630;14.0521;24.8451;337.9170;1;NULL;-0.0566;-0.6334;0.1905;8.7053;6.6821;81.6390;Palm;NULL;NULL;NULL;NULL;3;2;0;1;0;0;-0.5000;0.0000;2.0000;0.0205;-1.8919;0.0003;0.0000;8.9140;0.0000;0.0000;0.0000;0.0000;0.0000;0.0000;0.0000;0;NULL;0.1061;-0.0751;0.4602;332.3799;342.9120;346.3375;Palm;NULL;46969c4b-2c36-421c-b922-129be17abb0a;NULL;NULL;2;Embodied;1;Skew;OpenLoop;8;LineBisectionFirst;8;2;NULL;-0.5000;0.0000;2.0000;Exposure;0.5795;2026-05-20 13:38:33.4567;Hands;NULL;NULL;OpenXR
NULL;Right;NULL;26;Exposure;NULL;OppositeHandTrigger;3;2;0;1;0;0;-0.5000;0.0000;2.0000;NULL;Skew;anonymous;NULL;Mole Missed;PointerEvent;Participant;5969;1957d216-dffe-4a04-a2b4-c6692a89861b;NULL;0.0009;0.0147;-0.0573;8.0312;8.0627;0.4007;0.2930;-0.2147;0.0668;2.0000;-0.2147;0.0668;2.0000;NULL;0;0.0257;-0.6323;0.2725;15.2113;23.5174;338.1386;0.0237;-0.6284;0.2630;14.0521;24.8451;337.9170;1;NULL;-0.0566;-0.6334;0.1905;8.7053;6.6821;81.6390;Palm;NULL;NULL;NULL;NULL;3;2;0;1;0;0;-0.5000;0.0000;2.0000;0.0205;-1.8919;0.0003;0.0000;8.9140;0.0000;0.0000;0.0000;0.0000;0.0000;0.0000;0.0000;0;NULL;0.1061;-0.0751;0.4602;332.3799;342.9120;346.3375;Palm;NULL;46969c4b-2c36-421c-b922-129be17abb0a;NULL;NULL;2;Embodied;1;Skew;OpenLoop;8;LineBisectionFirst;8;2;NULL;-0.5000;0.0000;2.0000;Exposure;0.0000;2026-05-20 13:38:33.4582;Hands;NULL;NULL;OpenXR
NULL;Right;NULL;NULL;Exposure;NULL;OppositeHandTrigger;2;1;0;0;0;0;0.5000;0.0000;2.0000;NULL;Skew;anonymous;NULL;Mole Spawned;MoleEvent;Participant;5969;1957d216-dffe-4a04-a2b4-c6692a89861b;NULL;0.0009;0.0147;-0.0573;8.0312;8.0627;0.4007;NULL;NULL;NULL;NULL;NULL;NULL;NULL;NULL;NULL;0.0257;-0.6323;0.2725;15.2113;23.5174;338.1386;0.0237;-0.6284;0.2630;14.0521;24.8451;337.9170;1;NULL;-0.0566;-0.6334;0.1905;8.7053;6.6821;81.6390;Palm;NULL;NULL;NULL;NULL;2;1;0;0;0;0;0.5000;0.0000;2.0000;0.0205;-1.8919;0.0003;0.0000;8.9140;0.0000;0.0000;0.0000;0.0000;0.0000;0.0000;0.0000;0;NULL;0.1061;-0.0751;0.4602;332.3799;342.9120;346.3375;Palm;NULL;46969c4b-2c36-421c-b922-129be17abb0a;NULL;NULL;2;Embodied;1;Skew;OpenLoop;8;LineBisectionFirst;NULL;1;NULL;0.5000;0.0000;2.0000;Exposure;0.0000;2026-05-20 13:38:33.4597;Hands;NULL;NULL;OpenXR
NULL;Right;NULL;27;Exposure;NULL;OppositeHandTrigger;2;1;0;0;0;0;0.5000;0.0000;2.0000;NULL;Skew;anonymous;NULL;Pointer Shoot;PointerEvent;Participant;6038;1957d216-dffe-4a04-a2b4-c6692a89861b;NULL;-0.0035;0.0153;-0.0576;7.8179;8.4477;1.0500;NULL;0.1888;0.0103;2.0000;0.1888;0.0103;2.0000;NULL;NULL;0.0260;-0.6322;0.2719;14.8392;24.7096;338.0350;0.0278;-0.6274;0.2599;13.2284;27.3832;337.8518;1;NULL;-0.0591;-0.6332;0.1890;10.1763;7.0016;81.3677;Palm;NULL;NULL;NULL;NULL;2;1;0;0;0;0;0.5000;0.0000;2.0000;0.0205;-1.8919;0.0003;0.0000;8.9140;0.0000;0.0000;0.0000;0.0000;0.0000;0.0000;0.0000;0;NULL;0.2449;-0.0897;0.4613;332.9699;358.2354;348.2899;Palm;NULL;46969c4b-2c36-421c-b922-129be17abb0a;NULL;NULL;2;Embodied;1;Skew;OpenLoop;8;LineBisectionFirst;8;1;NULL;0.5000;0.0000;2.0000;Exposure;0.5785;2026-05-20 13:38:34.0355;Hands;NULL;NULL;OpenXR
NULL;Right;NULL;27;Exposure;NULL;OppositeHandTrigger;2;1;0;0;0;0;0.5000;0.0000;2.0000;NULL;Skew;anonymous;NULL;Mole Missed;PointerEvent;Participant;6038;1957d216-dffe-4a04-a2b4-c6692a89861b;NULL;-0.0035;0.0153;-0.0576;7.8179;8.4477;1.0500;0.3114;0.1888;0.0103;2.0000;0.1888;0.0103;2.0000;NULL;0;0.0260;-0.6322;0.2719;14.8392;24.7096;338.0350;0.0278;-0.6274;0.2599;13.2284;27.3832;337.8518;1;NULL;-0.0591;-0.6332;0.1890;10.1763;7.0016;81.3677;Palm;NULL;NULL;NULL;NULL;2;1;0;0;0;0;0.5000;0.0000;2.0000;0.0205;-1.8919;0.0003;0.0000;8.9140;0.0000;0.0000;0.0000;0.0000;0.0000;0.0000;0.0000;0;NULL;0.2449;-0.0897;0.4613;332.9699;358.2354;348.2899;Palm;NULL;46969c4b-2c36-421c-b922-129be17abb0a;NULL;NULL;2;Embodied;1;Skew;OpenLoop;8;LineBisectionFirst;8;1;NULL;0.5000;0.0000;2.0000;Exposure;0.0000;2026-05-20 13:38:34.0370;Hands;NULL;NULL;OpenXR
NULL;Right;NULL;NULL;Exposure;NULL;OppositeHandTrigger;1;0;0;-1;0;0;0.0000;0.0000;2.0000;NULL;Skew;anonymous;NULL;Mole Spawned;MoleEvent;Participant;6038;1957d216-dffe-4a04-a2b4-c6692a89861b;NULL;-0.0035;0.0153;-0.0576;7.8179;8.4477;1.0500;NULL;NULL;NULL;NULL;NULL;NULL;NULL;NULL;NULL;0.0260;-0.6322;0.2719;14.8392;24.7096;338.0350;0.0278;-0.6274;0.2599;13.2284;27.3832;337.8518;1;NULL;-0.0591;-0.6332;0.1890;10.1763;7.0016;81.3677;Palm;NULL;NULL;NULL;NULL;1;0;0;-1;0;0;0.0000;0.0000;2.0000;0.0205;-1.8919;0.0003;0.0000;8.9140;0.0000;0.0000;0.0000;0.0000;0.0000;0.0000;0.0000;0;NULL;0.2449;-0.0897;0.4613;332.9699;358.2354;348.2899;Palm;NULL;46969c4b-2c36-421c-b922-129be17abb0a;NULL;NULL;2;Embodied;1;Skew;OpenLoop;8;LineBisectionFirst;NULL;0;NULL;0.0000;0.0000;2.0000;Exposure;0.0000;2026-05-20 13:38:34.0385;Hands;NULL;NULL;OpenXR
NULL;Right;NULL;28;Exposure;NULL;OppositeHandTrigger;1;0;0;-1;0;0;0.0000;0.0000;2.0000;NULL;Skew;anonymous;NULL;Pointer Shoot;PointerEvent;Participant;6108;1957d216-dffe-4a04-a2b4-c6692a89861b;NULL;-0.0021;0.0151;-0.0613;7.6328;8.1433;0.5934;NULL;-0.0073;0.0560;2.0000;-0.0073;0.0560;2.0000;NULL;NULL;0.0272;-0.6318;0.2712;15.1134;24.0358;337.3943;0.0250;-0.6278;0.2618;13.8417;25.6475;337.3120;1;NULL;-0.0573;-0.6338;0.1909;8.5011;7.8651;83.6006;Palm;NULL;NULL;NULL;NULL;1;0;0;-1;0;0;0.0000;0.0000;2.0000;0.0205;-1.8919;0.0003;0.0000;8.9140;0.0000;0.0000;0.0000;0.0000;0.0000;0.0000;0.0000;0;NULL;0.1515;-0.0781;0.4606;332.1112;348.8915;345.1199;Palm;NULL;46969c4b-2c36-421c-b922-129be17abb0a;NULL;NULL;2;Embodied;1;Skew;OpenLoop;8;LineBisectionFirst;8;0;NULL;0.0000;0.0000;2.0000;Exposure;0.5831;2026-05-20 13:38:34.6192;Hands;NULL;NULL;OpenXR
NULL;Right;NULL;28;Exposure;NULL;OppositeHandTrigger;1;0;0;-1;0;0;0.0000;0.0000;2.0000;NULL;Skew;anonymous;NULL;Mole Hit;MoleEvent;Participant;6108;1957d216-dffe-4a04-a2b4-c6692a89861b;NULL;-0.0021;0.0151;-0.0613;7.6328;8.1433;0.5934;0.0565;-0.0073;0.0560;2.0000;-0.0073;0.0560;2.0000;NULL;1;0.0272;-0.6318;0.2712;15.1134;24.0358;337.3943;0.0250;-0.6278;0.2618;13.8417;25.6475;337.3120;1;NULL;-0.0573;-0.6338;0.1909;8.5011;7.8651;83.6006;Palm;NULL;NULL;NULL;NULL;1;0;0;-1;0;0;0.0000;0.0000;2.0000;0.0205;-1.8919;0.0003;0.0000;8.9140;0.0000;0.0000;0.0000;0.0000;0.0000;0.0000;0.0000;0;NULL;0.1515;-0.0781;0.4606;332.1112;348.8915;345.1199;Palm;NULL;46969c4b-2c36-421c-b922-129be17abb0a;NULL;NULL;2;Embodied;1;Skew;OpenLoop;8;LineBisectionFirst;8;0;NULL;0.0000;0.0000;2.0000;Exposure;0.0000;2026-05-20 13:38:34.6192;Hands;NULL;NULL;OpenXR
NULL;Right;NULL;NULL;Exposure;NULL;OppositeHandTrigger;3;2;0;1;0;0;-0.5000;0.0000;2.0000;NULL;Skew;anonymous;NULL;Mole Spawned;MoleEvent;Participant;6108;1957d216-dffe-4a04-a2b4-c6692a89861b;NULL;-0.0021;0.0151;-0.0613;7.6328;8.1433;0.5934;NULL;NULL;NULL;NULL;NULL;NULL;NULL;NULL;NULL;0.0272;-0.6318;0.2712;15.1134;24.0358;337.3943;0.0250;-0.6278;0.2618;13.8417;25.6475;337.3120;1;NULL;-0.0573;-0.6338;0.1909;8.5011;7.8651;83.6006;Palm;NULL;NULL;NULL;NULL;3;2;0;1;0;0;-0.5000;0.0000;2.0000;0.0205;-1.8919;0.0003;0.0000;8.9140;0.0000;0.0000;0.0000;0.0000;0.0000;0.0000;0.0000;0;NULL;0.1515;-0.0781;0.4606;332.1112;348.8915;345.1199;Palm;NULL;46969c4b-2c36-421c-b922-129be17abb0a;NULL;NULL;2;Embodied;1;Skew;OpenLoop;8;LineBisectionFirst;NULL;2;NULL;-0.5000;0.0000;2.0000;Exposure;0.0000;2026-05-20 13:38:34.6207;Hands;NULL;NULL;OpenXR
NULL;Right;NULL;29;Exposure;NULL;OppositeHandTrigger;3;2;0;1;0;0;-0.5000;0.0000;2.0000;NULL;Skew;anonymous;NULL;Pointer Shoot;PointerEvent;Participant;6199;1957d216-dffe-4a04-a2b4-c6692a89861b;NULL;-0.0017;0.0159;-0.0643;7.2976;7.0333;0.1908;NULL;-0.6511;-0.0062;2.0000;-0.6511;-0.0062;2.0000;NULL;NULL;0.0266;-0.6320;0.2715;15.1179;23.4055;337.1487;0.0235;-0.6287;0.2628;13.9588;24.7073;336.8564;1;NULL;-0.0576;-0.6362;0.1902;8.9988;7.4045;85.1091;Palm;NULL;NULL;NULL;NULL;3;2;0;1;0;0;-0.5000;0.0000;2.0000;0.0205;-1.8919;0.0003;0.0000;8.9140;0.0000;0.0000;0.0000;0.0000;0.0000;0.0000;0.0000;0;NULL;0.0259;-0.0959;0.4502;333.4507;335.2395;341.7046;Palm;NULL;46969c4b-2c36-421c-b922-129be17abb0a;NULL;NULL;2;Embodied;1;Skew;OpenLoop;8;LineBisectionFirst;9;2;NULL;-0.5000;0.0000;2.0000;Exposure;0.7584;2026-05-20 13:38:35.3774;Hands;NULL;NULL;OpenXR
NULL;Right;NULL;29;Exposure;NULL;OppositeHandTrigger;3;2;0;1;0;0;-0.5000;0.0000;2.0000;NULL;Skew;anonymous;NULL;Mole Missed;PointerEvent;Participant;6199;1957d216-dffe-4a04-a2b4-c6692a89861b;NULL;-0.0017;0.0159;-0.0643;7.2976;7.0333;0.1908;0.1513;-0.6511;-0.0062;2.0000;-0.6511;-0.0062;2.0000;NULL;0;0.0266;-0.6320;0.2715;15.1179;23.4055;337.1487;0.0235;-0.6287;0.2628;13.9588;24.7073;336.8564;1;NULL;-0.0576;-0.6362;0.1902;8.9988;7.4045;85.1091;Palm;NULL;NULL;NULL;NULL;3;2;0;1;0;0;-0.5000;0.0000;2.0000;0.0205;-1.8919;0.0003;0.0000;8.9140;0.0000;0.0000;0.0000;0.0000;0.0000;0.0000;0.0000;0;NULL;0.0259;-0.0959;0.4502;333.4507;335.2395;341.7046;Palm;NULL;46969c4b-2c36-421c-b922-129be17abb0a;NULL;NULL;2;Embodied;1;Skew;OpenLoop;8;LineBisectionFirst;9;2;NULL;-0.5000;0.0000;2.0000;Exposure;0.0000;2026-05-20 13:38:35.3780;Hands;NULL;NULL;OpenXR
NULL;Right;NULL;NULL;Exposure;NULL;OppositeHandTrigger;2;1;0;0;0;0;0.5000;0.0000;2.0000;NULL;Skew;anonymous;NULL;Mole Spawned;MoleEvent;Participant;6199;1957d216-dffe-4a04-a2b4-c6692a89861b;NULL;-0.0017;0.0159;-0.0643;7.2976;7.0333;0.1908;NULL;NULL;NULL;NULL;NULL;NULL;NULL;NULL;NULL;0.0266;-0.6320;0.2715;15.1179;23.4055;337.1487;0.0235;-0.6287;0.2628;13.9588;24.7073;336.8564;1;NULL;-0.0576;-0.6362;0.1902;8.9988;7.4045;85.1091;Palm;NULL;NULL;NULL;NULL;2;1;0;0;0;0;0.5000;0.0000;2.0000;0.0205;-1.8919;0.0003;0.0000;8.9140;0.0000;0.0000;0.0000;0.0000;0.0000;0.0000;0.0000;0;NULL;0.0259;-0.0959;0.4502;333.4507;335.2395;341.7046;Palm;NULL;46969c4b-2c36-421c-b922-129be17abb0a;NULL;NULL;2;Embodied;1;Skew;OpenLoop;8;LineBisectionFirst;NULL;1;NULL;0.5000;0.0000;2.0000;Exposure;0.0000;2026-05-20 13:38:35.3795;Hands;NULL;NULL;OpenXR
NULL;Right;NULL;30;Exposure;NULL;OppositeHandTrigger;2;1;0;0;0;0;0.5000;0.0000;2.0000;NULL;Skew;anonymous;NULL;Pointer Shoot;PointerEvent;Participant;6292;1957d216-dffe-4a04-a2b4-c6692a89861b;NULL;-0.0013;0.0156;-0.0612;7.5166;8.0418;0.8321;NULL;0.2786;0.0080;2.0000;0.2786;0.0080;2.0000;NULL;NULL;0.0261;-0.6325;0.2718;15.0348;23.6973;337.1132;0.0270;-0.6288;0.2620;13.7102;26.0058;337.2523;1;NULL;-0.0551;-0.6326;0.1884;10.8928;9.2557;88.5451;Palm;NULL;NULL;NULL;NULL;2;1;0;0;0;0;0.5000;0.0000;2.0000;0.0205;-1.8919;0.0003;0.0000;8.9140;0.0000;0.0000;0.0000;0.0000;0.0000;0.0000;0.0000;0;NULL;0.2722;-0.0959;0.4585;333.2189;358.8897;346.8510;Palm;NULL;46969c4b-2c36-421c-b922-129be17abb0a;NULL;NULL;2;Embodied;1;Skew;OpenLoop;8;LineBisectionFirst;9;1;NULL;0.5000;0.0000;2.0000;Exposure;0.7744;2026-05-20 13:38:36.1518;Hands;NULL;NULL;OpenXR
NULL;Right;NULL;30;Exposure;NULL;OppositeHandTrigger;2;1;0;0;0;0;0.5000;0.0000;2.0000;NULL;Skew;anonymous;NULL;Mole Missed;PointerEvent;Participant;6292;1957d216-dffe-4a04-a2b4-c6692a89861b;NULL;-0.0013;0.0156;-0.0612;7.5166;8.0418;0.8321;0.2216;0.2786;0.0080;2.0000;0.2786;0.0080;2.0000;NULL;0;0.0261;-0.6325;0.2718;15.0348;23.6973;337.1132;0.0270;-0.6288;0.2620;13.7102;26.0058;337.2523;1;NULL;-0.0551;-0.6326;0.1884;10.8928;9.2557;88.5451;Palm;NULL;NULL;NULL;NULL;2;1;0;0;0;0;0.5000;0.0000;2.0000;0.0205;-1.8919;0.0003;0.0000;8.9140;0.0000;0.0000;0.0000;0.0000;0.0000;0.0000;0.0000;0;NULL;0.2722;-0.0959;0.4585;333.2189;358.8897;346.8510;Palm;NULL;46969c4b-2c36-421c-b922-129be17abb0a;NULL;NULL;2;Embodied;1;Skew;OpenLoop;8;LineBisectionFirst;9;1;NULL;0.5000;0.0000;2.0000;Exposure;0.0000;2026-05-20 13:38:36.1518;Hands;NULL;NULL;OpenXR
NULL;Right;NULL;NULL;Exposure;NULL;OppositeHandTrigger;3;2;0;1;0;0;-0.5000;0.0000;2.0000;NULL;Skew;anonymous;NULL;Mole Spawned;MoleEvent;Participant;6292;1957d216-dffe-4a04-a2b4-c6692a89861b;NULL;-0.0013;0.0156;-0.0612;7.5166;8.0418;0.8321;NULL;NULL;NULL;NULL;NULL;NULL;NULL;NULL;NULL;0.0261;-0.6325;0.2718;15.0348;23.6973;337.1132;0.0270;-0.6288;0.2620;13.7102;26.0058;337.2523;1;NULL;-0.0551;-0.6326;0.1884;10.8928;9.2557;88.5451;Palm;NULL;NULL;NULL;NULL;3;2;0;1;0;0;-0.5000;0.0000;2.0000;0.0205;-1.8919;0.0003;0.0000;8.9140;0.0000;0.0000;0.0000;0.0000;0.0000;0.0000;0.0000;0;NULL;0.2722;-0.0959;0.4585;333.2189;358.8897;346.8510;Palm;NULL;46969c4b-2c36-421c-b922-129be17abb0a;NULL;NULL;2;Embodied;1;Skew;OpenLoop;8;LineBisectionFirst;NULL;2;NULL;-0.5000;0.0000;2.0000;Exposure;0.0000;2026-05-20 13:38:36.1533;Hands;NULL;NULL;OpenXR
NULL;Right;NULL;31;Exposure;NULL;OppositeHandTrigger;3;2;0;1;0;0;-0.5000;0.0000;2.0000;NULL;Skew;anonymous;NULL;Pointer Shoot;PointerEvent;Participant;6391;1957d216-dffe-4a04-a2b4-c6692a89861b;NULL;-0.0024;0.0152;-0.0625;7.6981;6.9198;0.2774;NULL;-0.5011;0.0438;2.0000;-0.5011;0.0438;2.0000;NULL;NULL;0.0265;-0.6327;0.2717;15.2857;23.4118;336.7643;0.0245;-0.6292;0.2620;14.0647;25.5453;337.1156;1;NULL;-0.0575;-0.6316;0.1884;9.7549;11.7363;88.2913;Palm;NULL;NULL;NULL;NULL;3;2;0;1;0;0;-0.5000;0.0000;2.0000;0.0205;-1.8919;0.0003;0.0000;8.9140;0.0000;0.0000;0.0000;0.0000;0.0000;0.0000;0.0000;0;NULL;0.0364;-0.0985;0.4616;332.4790;337.0257;343.0792;Palm;NULL;46969c4b-2c36-421c-b922-129be17abb0a;NULL;NULL;2;Embodied;1;Skew;OpenLoop;8;LineBisectionFirst;9;2;NULL;-0.5000;0.0000;2.0000;Exposure;0.8248;2026-05-20 13:38:36.9767;Hands;NULL;NULL;OpenXR
NULL;Right;NULL;31;Exposure;NULL;OppositeHandTrigger;3;2;0;1;0;0;-0.5000;0.0000;2.0000;NULL;Skew;anonymous;NULL;Mole Hit;MoleEvent;Participant;6391;1957d216-dffe-4a04-a2b4-c6692a89861b;NULL;-0.0024;0.0152;-0.0625;7.6981;6.9198;0.2774;0.0438;-0.5011;0.0438;2.0000;-0.5011;0.0438;2.0000;NULL;1;0.0265;-0.6327;0.2717;15.2857;23.4118;336.7643;0.0245;-0.6292;0.2620;14.0647;25.5453;337.1156;1;NULL;-0.0575;-0.6316;0.1884;9.7549;11.7363;88.2913;Palm;NULL;NULL;NULL;NULL;3;2;0;1;0;0;-0.5000;0.0000;2.0000;0.0205;-1.8919;0.0003;0.0000;8.9140;0.0000;0.0000;0.0000;0.0000;0.0000;0.0000;0.0000;0;NULL;0.0364;-0.0985;0.4616;332.4790;337.0257;343.0792;Palm;NULL;46969c4b-2c36-421c-b922-129be17abb0a;NULL;NULL;2;Embodied;1;Skew;OpenLoop;8;LineBisectionFirst;9;2;NULL;-0.5000;0.0000;2.0000;Exposure;0.0000;2026-05-20 13:38:36.9767;Hands;NULL;NULL;OpenXR
NULL;Right;NULL;NULL;Exposure;NULL;OppositeHandTrigger;2;1;0;0;0;0;0.5000;0.0000;2.0000;NULL;Skew;anonymous;NULL;Mole Spawned;MoleEvent;Participant;6391;1957d216-dffe-4a04-a2b4-c6692a89861b;NULL;-0.0024;0.0152;-0.0625;7.6981;6.9198;0.2774;NULL;NULL;NULL;NULL;NULL;NULL;NULL;NULL;NULL;0.0265;-0.6327;0.2717;15.2857;23.4118;336.7643;0.0245;-0.6292;0.2620;14.0647;25.5453;337.1156;1;NULL;-0.0575;-0.6316;0.1884;9.7549;11.7363;88.2913;Palm;NULL;NULL;NULL;NULL;2;1;0;0;0;0;0.5000;0.0000;2.0000;0.0205;-1.8919;0.0003;0.0000;8.9140;0.0000;0.0000;0.0000;0.0000;0.0000;0.0000;0.0000;0;NULL;0.0364;-0.0985;0.4616;332.4790;337.0257;343.0792;Palm;NULL;46969c4b-2c36-421c-b922-129be17abb0a;NULL;NULL;2;Embodied;1;Skew;OpenLoop;8;LineBisectionFirst;NULL;1;NULL;0.5000;0.0000;2.0000;Exposure;0.0000;2026-05-20 13:38:36.9782;Hands;NULL;NULL;OpenXR
NULL;Right;NULL;32;Exposure;NULL;OppositeHandTrigger;2;1;0;0;0;0;0.5000;0.0000;2.0000;NULL;Skew;anonymous;NULL;Pointer Shoot;PointerEvent;Participant;6492;1957d216-dffe-4a04-a2b4-c6692a89861b;NULL;-0.0024;0.0150;-0.0593;7.7804;8.5574;1.0885;NULL;0.5031;-0.0460;2.0000;0.5031;-0.0460;2.0000;NULL;NULL;0.0263;-0.6325;0.2719;15.1930;23.4289;336.9349;0.0270;-0.6286;0.2626;14.0820;25.4055;336.4964;1;NULL;-0.0599;-0.6346;0.1892;9.6920;6.8773;80.6090;Palm;NULL;NULL;NULL;NULL;2;1;0;0;0;0;0.5000;0.0000;2.0000;0.0205;-1.8919;0.0003;0.0000;8.9140;0.0000;0.0000;0.0000;0.0000;0.0000;0.0000;0.0000;0;NULL;0.3072;-0.0924;0.4430;336.8058;5.1093;344.4171;Palm;NULL;46969c4b-2c36-421c-b922-129be17abb0a;NULL;NULL;2;Embodied;1;Skew;OpenLoop;8;LineBisectionFirst;10;1;NULL;0.5000;0.0000;2.0000;Exposure;0.8421;2026-05-20 13:38:37.8188;Hands;NULL;NULL;OpenXR
NULL;Right;NULL;32;Exposure;NULL;OppositeHandTrigger;2;1;0;0;0;0;0.5000;0.0000;2.0000;NULL;Skew;anonymous;NULL;Mole Hit;MoleEvent;Participant;6492;1957d216-dffe-4a04-a2b4-c6692a89861b;NULL;-0.0024;0.0150;-0.0593;7.7804;8.5574;1.0885;0.0461;0.5031;-0.0460;2.0000;0.5031;-0.0460;2.0000;NULL;1;0.0263;-0.6325;0.2719;15.1930;23.4289;336.9349;0.0270;-0.6286;0.2626;14.0820;25.4055;336.4964;1;NULL;-0.0599;-0.6346;0.1892;9.6920;6.8773;80.6090;Palm;NULL;NULL;NULL;NULL;2;1;0;0;0;0;0.5000;0.0000;2.0000;0.0205;-1.8919;0.0003;0.0000;8.9140;0.0000;0.0000;0.0000;0.0000;0.0000;0.0000;0.0000;0;NULL;0.3072;-0.0924;0.4430;336.8058;5.1093;344.4171;Palm;NULL;46969c4b-2c36-421c-b922-129be17abb0a;NULL;NULL;2;Embodied;1;Skew;OpenLoop;8;LineBisectionFirst;10;1;NULL;0.5000;0.0000;2.0000;Exposure;0.0000;2026-05-20 13:38:37.8204;Hands;NULL;NULL;OpenXR
NULL;Right;NULL;NULL;Exposure;NULL;OppositeHandTrigger;1;0;0;-1;0;0;0.0000;0.0000;2.0000;NULL;Skew;anonymous;NULL;Mole Spawned;MoleEvent;Participant;6492;1957d216-dffe-4a04-a2b4-c6692a89861b;NULL;-0.0024;0.0150;-0.0593;7.7804;8.5574;1.0885;NULL;NULL;NULL;NULL;NULL;NULL;NULL;NULL;NULL;0.0263;-0.6325;0.2719;15.1930;23.4289;336.9349;0.0270;-0.6286;0.2626;14.0820;25.4055;336.4964;1;NULL;-0.0599;-0.6346;0.1892;9.6920;6.8773;80.6090;Palm;NULL;NULL;NULL;NULL;1;0;0;-1;0;0;0.0000;0.0000;2.0000;0.0205;-1.8919;0.0003;0.0000;8.9140;0.0000;0.0000;0.0000;0.0000;0.0000;0.0000;0.0000;0;NULL;0.3072;-0.0924;0.4430;336.8058;5.1093;344.4171;Palm;NULL;46969c4b-2c36-421c-b922-129be17abb0a;NULL;NULL;2;Embodied;1;Skew;OpenLoop;8;LineBisectionFirst;NULL;0;NULL;0.0000;0.0000;2.0000;Exposure;0.0000;2026-05-20 13:38:37.8219;Hands;NULL;NULL;OpenXR
NULL;Right;NULL;33;Exposure;NULL;OppositeHandTrigger;1;0;0;-1;0;0;0.0000;0.0000;2.0000;NULL;Skew;anonymous;NULL;Pointer Shoot;PointerEvent;Participant;6558;1957d216-dffe-4a04-a2b4-c6692a89861b;NULL;-0.0037;0.0150;-0.0601;7.7469;8.0558;0.7553;NULL;0.0757;-0.0143;2.0000;0.0757;-0.0143;2.0000;NULL;NULL;0.0270;-0.6324;0.2715;15.1809;23.8283;336.6203;0.0252;-0.6292;0.2619;13.9931;25.6657;336.3405;1;NULL;-0.0585;-0.6360;0.1916;7.9819;7.7779;81.2220;Palm;NULL;NULL;NULL;NULL;1;0;0;-1;0;0;0.0000;0.0000;2.0000;0.0205;-1.8919;0.0003;0.0000;8.9140;0.0000;0.0000;0.0000;0.0000;0.0000;0.0000;0.0000;0;NULL;0.1681;-0.0855;0.4722;334.3171;351.0363;346.7566;Palm;NULL;46969c4b-2c36-421c-b922-129be17abb0a;NULL;NULL;2;Embodied;1;Skew;OpenLoop;8;LineBisectionFirst;11;0;NULL;0.0000;0.0000;2.0000;Exposure;0.5576;2026-05-20 13:38:38.3758;Hands;NULL;NULL;OpenXR
NULL;Right;NULL;33;Exposure;NULL;OppositeHandTrigger;1;0;0;-1;0;0;0.0000;0.0000;2.0000;NULL;Skew;anonymous;NULL;Mole Hit;MoleEvent;Participant;6558;1957d216-dffe-4a04-a2b4-c6692a89861b;NULL;-0.0037;0.0150;-0.0601;7.7469;8.0558;0.7553;0.0771;0.0757;-0.0143;2.0000;0.0757;-0.0143;2.0000;NULL;1;0.0270;-0.6324;0.2715;15.1809;23.8283;336.6203;0.0252;-0.6292;0.2619;13.9931;25.6657;336.3405;1;NULL;-0.0585;-0.6360;0.1916;7.9819;7.7779;81.2220;Palm;NULL;NULL;NULL;NULL;1;0;0;-1;0;0;0.0000;0.0000;2.0000;0.0205;-1.8919;0.0003;0.0000;8.9140;0.0000;0.0000;0.0000;0.0000;0.0000;0.0000;0.0000;0;NULL;0.1681;-0.0855;0.4722;334.3171;351.0363;346.7566;Palm;NULL;46969c4b-2c36-421c-b922-129be17abb0a;NULL;NULL;2;Embodied;1;Skew;OpenLoop;8;LineBisectionFirst;11;0;NULL;0.0000;0.0000;2.0000;Exposure;0.0000;2026-05-20 13:38:38.3774;Hands;NULL;NULL;OpenXR
NULL;Right;NULL;NULL;Exposure;NULL;OppositeHandTrigger;3;2;0;1;0;0;-0.5000;0.0000;2.0000;NULL;Skew;anonymous;NULL;Mole Spawned;MoleEvent;Participant;6558;1957d216-dffe-4a04-a2b4-c6692a89861b;NULL;-0.0037;0.0150;-0.0601;7.7469;8.0558;0.7553;NULL;NULL;NULL;NULL;NULL;NULL;NULL;NULL;NULL;0.0270;-0.6324;0.2715;15.1809;23.8283;336.6203;0.0252;-0.6292;0.2619;13.9931;25.6657;336.3405;1;NULL;-0.0585;-0.6360;0.1916;7.9819;7.7779;81.2220;Palm;NULL;NULL;NULL;NULL;3;2;0;1;0;0;-0.5000;0.0000;2.0000;0.0205;-1.8919;0.0003;0.0000;8.9140;0.0000;0.0000;0.0000;0.0000;0.0000;0.0000;0.0000;0;NULL;0.1681;-0.0855;0.4722;334.3171;351.0363;346.7566;Palm;NULL;46969c4b-2c36-421c-b922-129be17abb0a;NULL;NULL;2;Embodied;1;Skew;OpenLoop;8;LineBisectionFirst;NULL;2;NULL;-0.5000;0.0000;2.0000;Exposure;0.0000;2026-05-20 13:38:38.3789;Hands;NULL;NULL;OpenXR
NULL;Right;NULL;34;Exposure;NULL;OppositeHandTrigger;3;2;0;1;0;0;-0.5000;0.0000;2.0000;NULL;Skew;anonymous;NULL;Pointer Shoot;PointerEvent;Participant;6635;1957d216-dffe-4a04-a2b4-c6692a89861b;NULL;-0.0057;0.0151;-0.0617;7.8330;6.6011;0.6737;NULL;-0.4861;-0.0014;2.0000;-0.4861;-0.0014;2.0000;NULL;NULL;0.0262;-0.6328;0.2721;15.1957;23.7133;337.0218;0.0238;-0.6277;0.2617;13.5540;25.7667;337.0087;1;NULL;-0.0586;-0.6343;0.1906;9.0048;7.0867;79.8394;Palm;NULL;NULL;NULL;NULL;3;2;0;1;0;0;-0.5000;0.0000;2.0000;0.0205;-1.8919;0.0003;0.0000;8.9140;0.0000;0.0000;0.0000;0.0000;0.0000;0.0000;0.0000;0;NULL;0.0453;-0.0889;0.4590;333.0683;336.7116;344.9391;Palm;NULL;46969c4b-2c36-421c-b922-129be17abb0a;NULL;NULL;2;Embodied;1;Skew;OpenLoop;8;LineBisectionFirst;12;2;NULL;-0.5000;0.0000;2.0000;Exposure;0.6415;2026-05-20 13:38:39.0178;Hands;NULL;NULL;OpenXR
NULL;Right;NULL;34;Exposure;NULL;OppositeHandTrigger;3;2;0;1;0;0;-0.5000;0.0000;2.0000;NULL;Skew;anonymous;NULL;Mole Hit;MoleEvent;Participant;6635;1957d216-dffe-4a04-a2b4-c6692a89861b;NULL;-0.0057;0.0151;-0.0617;7.8330;6.6011;0.6737;0.0139;-0.4861;-0.0014;2.0000;-0.4861;-0.0014;2.0000;NULL;1;0.0262;-0.6328;0.2721;15.1957;23.7133;337.0218;0.0238;-0.6277;0.2617;13.5540;25.7667;337.0087;1;NULL;-0.0586;-0.6343;0.1906;9.0048;7.0867;79.8394;Palm;NULL;NULL;NULL;NULL;3;2;0;1;0;0;-0.5000;0.0000;2.0000;0.0205;-1.8919;0.0003;0.0000;8.9140;0.0000;0.0000;0.0000;0.0000;0.0000;0.0000;0.0000;0;NULL;0.0453;-0.0889;0.4590;333.0683;336.7116;344.9391;Palm;NULL;46969c4b-2c36-421c-b922-129be17abb0a;NULL;NULL;2;Embodied;1;Skew;OpenLoop;8;LineBisectionFirst;12;2;NULL;-0.5000;0.0000;2.0000;Exposure;0.0000;2026-05-20 13:38:39.0193;Hands;NULL;NULL;OpenXR
NULL;Right;NULL;NULL;Exposure;NULL;OppositeHandTrigger;1;0;0;-1;0;0;0.0000;0.0000;2.0000;NULL;Skew;anonymous;NULL;Mole Spawned;MoleEvent;Participant;6635;1957d216-dffe-4a04-a2b4-c6692a89861b;NULL;-0.0057;0.0151;-0.0617;7.8330;6.6011;0.6737;NULL;NULL;NULL;NULL;NULL;NULL;NULL;NULL;NULL;0.0262;-0.6328;0.2721;15.1957;23.7133;337.0218;0.0238;-0.6277;0.2617;13.5540;25.7667;337.0087;1;NULL;-0.0586;-0.6343;0.1906;9.0048;7.0867;79.8394;Palm;NULL;NULL;NULL;NULL;1;0;0;-1;0;0;0.0000;0.0000;2.0000;0.0205;-1.8919;0.0003;0.0000;8.9140;0.0000;0.0000;0.0000;0.0000;0.0000;0.0000;0.0000;0;NULL;0.0453;-0.0889;0.4590;333.0683;336.7116;344.9391;Palm;NULL;46969c4b-2c36-421c-b922-129be17abb0a;NULL;NULL;2;Embodied;1;Skew;OpenLoop;8;LineBisectionFirst;NULL;0;NULL;0.0000;0.0000;2.0000;Exposure;0.0000;2026-05-20 13:38:39.0193;Hands;NULL;NULL;OpenXR
NULL;Right;NULL;35;Exposure;NULL;OppositeHandTrigger;1;0;0;-1;0;0;0.0000;0.0000;2.0000;NULL;Skew;anonymous;NULL;Pointer Shoot;PointerEvent;Participant;6699;1957d216-dffe-4a04-a2b4-c6692a89861b;NULL;-0.0094;0.0153;-0.0625;7.6479;7.4981;1.6712;NULL;-0.1196;-0.0584;2.0000;-0.1196;-0.0584;2.0000;NULL;NULL;0.0262;-0.6324;0.2717;15.0147;23.7401;336.5119;0.0271;-0.6281;0.2617;13.9886;24.8133;335.7132;1;NULL;-0.0590;-0.6354;0.1911;8.7915;7.3317;83.4461;Palm;NULL;NULL;NULL;NULL;1;0;0;-1;0;0;0.0000;0.0000;2.0000;0.0205;-1.8919;0.0003;0.0000;8.9140;0.0000;0.0000;0.0000;0.0000;0.0000;0.0000;0.0000;0;NULL;0.1768;-0.1041;0.4618;335.2718;347.7519;345.8661;Palm;NULL;46969c4b-2c36-421c-b922-129be17abb0a;NULL;NULL;2;Embodied;1;Skew;OpenLoop;8;LineBisectionFirst;13;0;NULL;0.0000;0.0000;2.0000;Exposure;0.5331;2026-05-20 13:38:39.5506;Hands;NULL;NULL;OpenXR
NULL;Right;NULL;35;Exposure;NULL;OppositeHandTrigger;1;0;0;-1;0;0;0.0000;0.0000;2.0000;NULL;Skew;anonymous;NULL;Mole Missed;PointerEvent;Participant;6699;1957d216-dffe-4a04-a2b4-c6692a89861b;NULL;-0.0094;0.0153;-0.0625;7.6479;7.4981;1.6712;0.1331;-0.1196;-0.0584;2.0000;-0.1196;-0.0584;2.0000;NULL;0;0.0262;-0.6324;0.2717;15.0147;23.7401;336.5119;0.0271;-0.6281;0.2617;13.9886;24.8133;335.7132;1;NULL;-0.0590;-0.6354;0.1911;8.7915;7.3317;83.4461;Palm;NULL;NULL;NULL;NULL;1;0;0;-1;0;0;0.0000;0.0000;2.0000;0.0205;-1.8919;0.0003;0.0000;8.9140;0.0000;0.0000;0.0000;0.0000;0.0000;0.0000;0.0000;0;NULL;0.1768;-0.1041;0.4618;335.2718;347.7519;345.8661;Palm;NULL;46969c4b-2c36-421c-b922-129be17abb0a;NULL;NULL;2;Embodied;1;Skew;OpenLoop;8;LineBisectionFirst;13;0;NULL;0.0000;0.0000;2.0000;Exposure;0.0000;2026-05-20 13:38:39.5521;Hands;NULL;NULL;OpenXR
NULL;Right;NULL;NULL;Exposure;NULL;OppositeHandTrigger;3;2;0;1;0;0;-0.5000;0.0000;2.0000;NULL;Skew;anonymous;NULL;Mole Spawned;MoleEvent;Participant;6699;1957d216-dffe-4a04-a2b4-c6692a89861b;NULL;-0.0094;0.0153;-0.0625;7.6479;7.4981;1.6712;NULL;NULL;NULL;NULL;NULL;NULL;NULL;NULL;NULL;0.0262;-0.6324;0.2717;15.0147;23.7401;336.5119;0.0271;-0.6281;0.2617;13.9886;24.8133;335.7132;1;NULL;-0.0590;-0.6354;0.1911;8.7915;7.3317;83.4461;Palm;NULL;NULL;NULL;NULL;3;2;0;1;0;0;-0.5000;0.0000;2.0000;0.0205;-1.8919;0.0003;0.0000;8.9140;0.0000;0.0000;0.0000;0.0000;0.0000;0.0000;0.0000;0;NULL;0.1768;-0.1041;0.4618;335.2718;347.7519;345.8661;Palm;NULL;46969c4b-2c36-421c-b922-129be17abb0a;NULL;NULL;2;Embodied;1;Skew;OpenLoop;8;LineBisectionFirst;NULL;2;NULL;-0.5000;0.0000;2.0000;Exposure;0.0000;2026-05-20 13:38:39.5537;Hands;NULL;NULL;OpenXR
NULL;Right;NULL;36;Exposure;NULL;OppositeHandTrigger;3;2;0;1;0;0;-0.5000;0.0000;2.0000;NULL;Skew;anonymous;NULL;Pointer Shoot;PointerEvent;Participant;6786;1957d216-dffe-4a04-a2b4-c6692a89861b;NULL;-0.0043;0.0160;-0.0670;7.2431;7.0992;0.2329;NULL;-0.5410;0.0174;2.0000;-0.5410;0.0174;2.0000;NULL;NULL;0.0263;-0.6324;0.2716;15.1820;23.5852;336.3214;0.0253;-0.6276;0.2602;13.2675;25.7542;336.0846;1;NULL;-0.0558;-0.6318;0.1878;10.1389;8.7922;87.9083;Palm;NULL;NULL;NULL;NULL;3;2;0;1;0;0;-0.5000;0.0000;2.0000;0.0205;-1.8919;0.0003;0.0000;8.9140;0.0000;0.0000;0.0000;0.0000;0.0000;0.0000;0.0000;0;NULL;0.0558;-0.0900;0.4547;333.7265;336.1257;343.5067;Palm;NULL;46969c4b-2c36-421c-b922-129be17abb0a;NULL;NULL;2;Embodied;1;Skew;OpenLoop;8;LineBisectionFirst;13;2;NULL;-0.5000;0.0000;2.0000;Exposure;0.7249;2026-05-20 13:38:40.2756;Hands;NULL;NULL;OpenXR
NULL;Right;NULL;36;Exposure;NULL;OppositeHandTrigger;3;2;0;1;0;0;-0.5000;0.0000;2.0000;NULL;Skew;anonymous;NULL;Mole Hit;MoleEvent;Participant;6786;1957d216-dffe-4a04-a2b4-c6692a89861b;NULL;-0.0043;0.0160;-0.0670;7.2431;7.0992;0.2329;0.0445;-0.5410;0.0174;2.0000;-0.5410;0.0174;2.0000;NULL;1;0.0263;-0.6324;0.2716;15.1820;23.5852;336.3214;0.0253;-0.6276;0.2602;13.2675;25.7542;336.0846;1;NULL;-0.0558;-0.6318;0.1878;10.1389;8.7922;87.9083;Palm;NULL;NULL;NULL;NULL;3;2;0;1;0;0;-0.5000;0.0000;2.0000;0.0205;-1.8919;0.0003;0.0000;8.9140;0.0000;0.0000;0.0000;0.0000;0.0000;0.0000;0.0000;0;NULL;0.0558;-0.0900;0.4547;333.7265;336.1257;343.5067;Palm;NULL;46969c4b-2c36-421c-b922-129be17abb0a;NULL;NULL;2;Embodied;1;Skew;OpenLoop;8;LineBisectionFirst;13;2;NULL;-0.5000;0.0000;2.0000;Exposure;0.0000;2026-05-20 13:38:40.2767;Hands;NULL;NULL;OpenXR
NULL;Right;NULL;NULL;Exposure;NULL;OppositeHandTrigger;1;0;0;-1;0;0;0.0000;0.0000;2.0000;NULL;Skew;anonymous;NULL;Mole Spawned;MoleEvent;Participant;6786;1957d216-dffe-4a04-a2b4-c6692a89861b;NULL;-0.0043;0.0160;-0.0670;7.2431;7.0992;0.2329;NULL;NULL;NULL;NULL;NULL;NULL;NULL;NULL;NULL;0.0263;-0.6324;0.2716;15.1820;23.5852;336.3214;0.0253;-0.6276;0.2602;13.2675;25.7542;336.0846;1;NULL;-0.0558;-0.6318;0.1878;10.1389;8.7922;87.9083;Palm;NULL;NULL;NULL;NULL;1;0;0;-1;0;0;0.0000;0.0000;2.0000;0.0205;-1.8919;0.0003;0.0000;8.9140;0.0000;0.0000;0.0000;0.0000;0.0000;0.0000;0.0000;0;NULL;0.0558;-0.0900;0.4547;333.7265;336.1257;343.5067;Palm;NULL;46969c4b-2c36-421c-b922-129be17abb0a;NULL;NULL;2;Embodied;1;Skew;OpenLoop;8;LineBisectionFirst;NULL;0;NULL;0.0000;0.0000;2.0000;Exposure;0.0000;2026-05-20 13:38:40.2782;Hands;NULL;NULL;OpenXR
NULL;Right;NULL;37;Exposure;NULL;OppositeHandTrigger;1;0;0;-1;0;0;0.0000;0.0000;2.0000;NULL;Skew;anonymous;NULL;Pointer Shoot;PointerEvent;Participant;6850;1957d216-dffe-4a04-a2b4-c6692a89861b;NULL;-0.0085;0.0150;-0.0607;7.7689;8.0519;1.7274;NULL;-0.0727;-0.0328;2.0000;-0.0727;-0.0328;2.0000;NULL;NULL;0.0259;-0.6319;0.2714;14.9293;23.2965;336.6646;0.0251;-0.6282;0.2628;14.1904;24.3112;336.3831;1;NULL;-0.0558;-0.6289;0.1872;10.4300;11.1154;89.5884;Palm;NULL;NULL;NULL;NULL;1;0;0;-1;0;0;0.0000;0.0000;2.0000;0.0205;-1.8919;0.0003;0.0000;8.9140;0.0000;0.0000;0.0000;0.0000;0.0000;0.0000;0.0000;0;NULL;0.1872;-0.1025;0.4752;333.6825;347.7567;348.1460;Palm;NULL;46969c4b-2c36-421c-b922-129be17abb0a;NULL;NULL;2;Embodied;1;Skew;OpenLoop;8;LineBisectionFirst;14;0;NULL;0.0000;0.0000;2.0000;Exposure;0.5331;2026-05-20 13:38:40.8087;Hands;NULL;NULL;OpenXR
NULL;Right;NULL;37;Exposure;NULL;OppositeHandTrigger;1;0;0;-1;0;0;0.0000;0.0000;2.0000;NULL;Skew;anonymous;NULL;Mole Hit;MoleEvent;Participant;6850;1957d216-dffe-4a04-a2b4-c6692a89861b;NULL;-0.0085;0.0150;-0.0607;7.7689;8.0519;1.7274;0.0797;-0.0727;-0.0328;2.0000;-0.0727;-0.0328;2.0000;NULL;1;0.0259;-0.6319;0.2714;14.9293;23.2965;336.6646;0.0251;-0.6282;0.2628;14.1904;24.3112;336.3831;1;NULL;-0.0558;-0.6289;0.1872;10.4300;11.1154;89.5884;Palm;NULL;NULL;NULL;NULL;1;0;0;-1;0;0;0.0000;0.0000;2.0000;0.0205;-1.8919;0.0003;0.0000;8.9140;0.0000;0.0000;0.0000;0.0000;0.0000;0.0000;0.0000;0;NULL;0.1872;-0.1025;0.4752;333.6825;347.7567;348.1460;Palm;NULL;46969c4b-2c36-421c-b922-129be17abb0a;NULL;NULL;2;Embodied;1;Skew;OpenLoop;8;LineBisectionFirst;14;0;NULL;0.0000;0.0000;2.0000;Exposure;0.0000;2026-05-20 13:38:40.8102;Hands;NULL;NULL;OpenXR
NULL;Right;NULL;NULL;Exposure;NULL;OppositeHandTrigger;2;1;0;0;0;0;0.5000;0.0000;2.0000;NULL;Skew;anonymous;NULL;Mole Spawned;MoleEvent;Participant;6850;1957d216-dffe-4a04-a2b4-c6692a89861b;NULL;-0.0085;0.0150;-0.0607;7.7689;8.0519;1.7274;NULL;NULL;NULL;NULL;NULL;NULL;NULL;NULL;NULL;0.0259;-0.6319;0.2714;14.9293;23.2965;336.6646;0.0251;-0.6282;0.2628;14.1904;24.3112;336.3831;1;NULL;-0.0558;-0.6289;0.1872;10.4300;11.1154;89.5884;Palm;NULL;NULL;NULL;NULL;2;1;0;0;0;0;0.5000;0.0000;2.0000;0.0205;-1.8919;0.0003;0.0000;8.9140;0.0000;0.0000;0.0000;0.0000;0.0000;0.0000;0.0000;0;NULL;0.1872;-0.1025;0.4752;333.6825;347.7567;348.1460;Palm;NULL;46969c4b-2c36-421c-b922-129be17abb0a;NULL;NULL;2;Embodied;1;Skew;OpenLoop;8;LineBisectionFirst;NULL;1;NULL;0.5000;0.0000;2.0000;Exposure;0.0000;2026-05-20 13:38:40.8112;Hands;NULL;NULL;OpenXR
NULL;Right;NULL;38;Exposure;NULL;OppositeHandTrigger;2;1;0;0;0;0;0.5000;0.0000;2.0000;NULL;Skew;anonymous;NULL;Pointer Shoot;PointerEvent;Participant;6932;1957d216-dffe-4a04-a2b4-c6692a89861b;NULL;-0.0066;0.0152;-0.0634;7.4903;9.1629;1.4246;NULL;0.3265;0.0032;2.0000;0.3265;0.0032;2.0000;NULL;NULL;0.0264;-0.6319;0.2714;15.0565;23.7562;336.4227;0.0274;-0.6292;0.2614;14.0066;26.0323;336.0655;1;NULL;-0.0575;-0.6317;0.1864;11.0487;9.4077;87.5941;Palm;NULL;NULL;NULL;NULL;2;1;0;0;0;0;0.5000;0.0000;2.0000;0.0205;-1.8919;0.0003;0.0000;8.9140;0.0000;0.0000;0.0000;0.0000;0.0000;0.0000;0.0000;0;NULL;0.2933;-0.0844;0.4452;334.4804;1.8990;343.7344;Palm;NULL;46969c4b-2c36-421c-b922-129be17abb0a;NULL;NULL;2;Embodied;1;Skew;OpenLoop;8;LineBisectionFirst;15;1;NULL;0.5000;0.0000;2.0000;Exposure;0.6832;2026-05-20 13:38:41.4922;Hands;NULL;NULL;OpenXR
NULL;Right;NULL;38;Exposure;NULL;OppositeHandTrigger;2;1;0;0;0;0;0.5000;0.0000;2.0000;NULL;Skew;anonymous;NULL;Mole Missed;PointerEvent;Participant;6932;1957d216-dffe-4a04-a2b4-c6692a89861b;NULL;-0.0066;0.0152;-0.0634;7.4903;9.1629;1.4246;0.1735;0.3265;0.0032;2.0000;0.3265;0.0032;2.0000;NULL;0;0.0264;-0.6319;0.2714;15.0565;23.7562;336.4227;0.0274;-0.6292;0.2614;14.0066;26.0323;336.0655;1;NULL;-0.0575;-0.6317;0.1864;11.0487;9.4077;87.5941;Palm;NULL;NULL;NULL;NULL;2;1;0;0;0;0;0.5000;0.0000;2.0000;0.0205;-1.8919;0.0003;0.0000;8.9140;0.0000;0.0000;0.0000;0.0000;0.0000;0.0000;0.0000;0;NULL;0.2933;-0.0844;0.4452;334.4804;1.8990;343.7344;Palm;NULL;46969c4b-2c36-421c-b922-129be17abb0a;NULL;NULL;2;Embodied;1;Skew;OpenLoop;8;LineBisectionFirst;15;1;NULL;0.5000;0.0000;2.0000;Exposure;0.0000;2026-05-20 13:38:41.4932;Hands;NULL;NULL;OpenXR
NULL;Right;NULL;NULL;Exposure;NULL;OppositeHandTrigger;1;0;0;-1;0;0;0.0000;0.0000;2.0000;NULL;Skew;anonymous;NULL;Mole Spawned;MoleEvent;Participant;6932;1957d216-dffe-4a04-a2b4-c6692a89861b;NULL;-0.0066;0.0152;-0.0634;7.4903;9.1629;1.4246;NULL;NULL;NULL;NULL;NULL;NULL;NULL;NULL;NULL;0.0264;-0.6319;0.2714;15.0565;23.7562;336.4227;0.0274;-0.6292;0.2614;14.0066;26.0323;336.0655;1;NULL;-0.0575;-0.6317;0.1864;11.0487;9.4077;87.5941;Palm;NULL;NULL;NULL;NULL;1;0;0;-1;0;0;0.0000;0.0000;2.0000;0.0205;-1.8919;0.0003;0.0000;8.9140;0.0000;0.0000;0.0000;0.0000;0.0000;0.0000;0.0000;0;NULL;0.2933;-0.0844;0.4452;334.4804;1.8990;343.7344;Palm;NULL;46969c4b-2c36-421c-b922-129be17abb0a;NULL;NULL;2;Embodied;1;Skew;OpenLoop;8;LineBisectionFirst;NULL;0;NULL;0.0000;0.0000;2.0000;Exposure;0.0000;2026-05-20 13:38:41.4947;Hands;NULL;NULL;OpenXR
NULL;Right;NULL;39;Exposure;NULL;OppositeHandTrigger;1;0;0;-1;0;0;0.0000;0.0000;2.0000;NULL;Skew;anonymous;NULL;Pointer Shoot;PointerEvent;Participant;6995;1957d216-dffe-4a04-a2b4-c6692a89861b;NULL;-0.0062;0.0159;-0.0659;7.1997;8.3806;0.9736;NULL;-0.0002;0.0169;2.0000;-0.0002;0.0169;2.0000;NULL;NULL;0.0272;-0.6321;0.2710;15.0324;24.1847;336.3091;0.0257;-0.6282;0.2605;13.6182;26.6211;336.5231;1;NULL;-0.0557;-0.6351;0.1890;10.4759;9.2973;85.9512;Palm;NULL;NULL;NULL;NULL;1;0;0;-1;0;0;0.0000;0.0000;2.0000;0.0205;-1.8919;0.0003;0.0000;8.9140;0.0000;0.0000;0.0000;0.0000;0.0000;0.0000;0.0000;0;NULL;0.1522;-0.0792;0.4574;334.0232;348.4265;345.6115;Palm;NULL;46969c4b-2c36-421c-b922-129be17abb0a;NULL;NULL;2;Embodied;1;Skew;OpenLoop;8;LineBisectionFirst;15;0;NULL;0.0000;0.0000;2.0000;Exposure;0.5248;2026-05-20 13:38:42.0169;Hands;NULL;NULL;OpenXR
NULL;Right;NULL;39;Exposure;NULL;OppositeHandTrigger;1;0;0;-1;0;0;0.0000;0.0000;2.0000;NULL;Skew;anonymous;NULL;Mole Hit;MoleEvent;Participant;6995;1957d216-dffe-4a04-a2b4-c6692a89861b;NULL;-0.0062;0.0159;-0.0659;7.1997;8.3806;0.9736;0.0169;-0.0002;0.0169;2.0000;-0.0002;0.0169;2.0000;NULL;1;0.0272;-0.6321;0.2710;15.0324;24.1847;336.3091;0.0257;-0.6282;0.2605;13.6182;26.6211;336.5231;1;NULL;-0.0557;-0.6351;0.1890;10.4759;9.2973;85.9512;Palm;NULL;NULL;NULL;NULL;1;0;0;-1;0;0;0.0000;0.0000;2.0000;0.0205;-1.8919;0.0003;0.0000;8.9140;0.0000;0.0000;0.0000;0.0000;0.0000;0.0000;0.0000;0;NULL;0.1522;-0.0792;0.4574;334.0232;348.4265;345.6115;Palm;NULL;46969c4b-2c36-421c-b922-129be17abb0a;NULL;NULL;2;Embodied;1;Skew;OpenLoop;8;LineBisectionFirst;15;0;NULL;0.0000;0.0000;2.0000;Exposure;0.0000;2026-05-20 13:38:42.0184;Hands;NULL;NULL;OpenXR
NULL;Right;NULL;NULL;Exposure;NULL;OppositeHandTrigger;3;2;0;1;0;0;-0.5000;0.0000;2.0000;NULL;Skew;anonymous;NULL;Mole Spawned;MoleEvent;Participant;6995;1957d216-dffe-4a04-a2b4-c6692a89861b;NULL;-0.0062;0.0159;-0.0659;7.1997;8.3806;0.9736;NULL;NULL;NULL;NULL;NULL;NULL;NULL;NULL;NULL;0.0272;-0.6321;0.2710;15.0324;24.1847;336.3091;0.0257;-0.6282;0.2605;13.6182;26.6211;336.5231;1;NULL;-0.0557;-0.6351;0.1890;10.4759;9.2973;85.9512;Palm;NULL;NULL;NULL;NULL;3;2;0;1;0;0;-0.5000;0.0000;2.0000;0.0205;-1.8919;0.0003;0.0000;8.9140;0.0000;0.0000;0.0000;0.0000;0.0000;0.0000;0.0000;0;NULL;0.1522;-0.0792;0.4574;334.0232;348.4265;345.6115;Palm;NULL;46969c4b-2c36-421c-b922-129be17abb0a;NULL;NULL;2;Embodied;1;Skew;OpenLoop;8;LineBisectionFirst;NULL;2;NULL;-0.5000;0.0000;2.0000;Exposure;0.0000;2026-05-20 13:38:42.0199;Hands;NULL;NULL;OpenXR
NULL;Right;NULL;40;Exposure;NULL;OppositeHandTrigger;3;2;0;1;0;0;-0.5000;0.0000;2.0000;NULL;Skew;anonymous;NULL;Pointer Shoot;PointerEvent;Participant;7014;1957d216-dffe-4a04-a2b4-c6692a89861b;NULL;-0.0078;0.0158;-0.0654;7.4574;7.1042;0.7905;NULL;-0.4898;-0.0033;2.0000;-0.4898;-0.0033;2.0000;NULL;NULL;0.0272;-0.6319;0.2706;14.6358;24.4453;336.2656;0.0255;-0.6285;0.2605;13.9085;26.1501;336.6210;1;NULL;-0.0614;-0.6379;0.1900;9.8522;7.4775;82.4849;Palm;NULL;NULL;NULL;NULL;3;2;0;1;0;0;-0.5000;0.0000;2.0000;0.0205;-1.8919;0.0003;0.0000;8.9140;0.0000;0.0000;0.0000;0.0000;0.0000;0.0000;0.0000;0;NULL;0.0445;-0.0904;0.4632;332.8936;337.5036;342.6317;Palm;NULL;46969c4b-2c36-421c-b922-129be17abb0a;NULL;NULL;2;Embodied;1;Skew;OpenLoop;8;LineBisectionFirst;16;2;NULL;-0.5000;0.0000;2.0000;Exposure;0.2640;2026-05-20 13:38:42.6597;Hands;NULL;NULL;OpenXR
NULL;Right;NULL;40;Exposure;NULL;OppositeHandTrigger;3;2;0;1;0;0;-0.5000;0.0000;2.0000;NULL;Skew;anonymous;NULL;Mole Hit;MoleEvent;Participant;7014;1957d216-dffe-4a04-a2b4-c6692a89861b;NULL;-0.0078;0.0158;-0.0654;7.4574;7.1042;0.7905;0.0107;-0.4898;-0.0033;2.0000;-0.4898;-0.0033;2.0000;NULL;1;0.0272;-0.6319;0.2706;14.6358;24.4453;336.2656;0.0255;-0.6285;0.2605;13.9085;26.1501;336.6210;1;NULL;-0.0614;-0.6379;0.1900;9.8522;7.4775;82.4849;Palm;NULL;NULL;NULL;NULL;3;2;0;1;0;0;-0.5000;0.0000;2.0000;0.0205;-1.8919;0.0003;0.0000;8.9140;0.0000;0.0000;0.0000;0.0000;0.0000;0.0000;0.0000;0;NULL;0.0445;-0.0904;0.4632;332.8936;337.5036;342.6317;Palm;NULL;46969c4b-2c36-421c-b922-129be17abb0a;NULL;NULL;2;Embodied;1;Skew;OpenLoop;8;LineBisectionFirst;16;2;NULL;-0.5000;0.0000;2.0000;Exposure;0.0000;2026-05-20 13:38:42.6617;Hands;NULL;NULL;OpenXR
NULL;Right;NULL;NULL;Exposure;NULL;OppositeHandTrigger;1;0;0;-1;0;0;0.0000;0.0000;2.0000;NULL;Skew;anonymous;NULL;Mole Spawned;MoleEvent;Participant;7014;1957d216-dffe-4a04-a2b4-c6692a89861b;NULL;-0.0078;0.0158;-0.0654;7.4574;7.1042;0.7905;NULL;NULL;NULL;NULL;NULL;NULL;NULL;NULL;NULL;0.0272;-0.6319;0.2706;14.6358;24.4453;336.2656;0.0255;-0.6285;0.2605;13.9085;26.1501;336.6210;1;NULL;-0.0614;-0.6379;0.1900;9.8522;7.4775;82.4849;Palm;NULL;NULL;NULL;NULL;1;0;0;-1;0;0;0.0000;0.0000;2.0000;0.0205;-1.8919;0.0003;0.0000;8.9140;0.0000;0.0000;0.0000;0.0000;0.0000;0.0000;0.0000;0;NULL;0.0445;-0.0904;0.4632;332.8936;337.5036;342.6317;Palm;NULL;46969c4b-2c36-421c-b922-129be17abb0a;NULL;NULL;2;Embodied;1;Skew;OpenLoop;8;LineBisectionFirst;NULL;0;NULL;0.0000;0.0000;2.0000;Exposure;0.0000;2026-05-20 13:38:42.6658;Hands;NULL;NULL;OpenXR
NULL;Right;NULL;41;Exposure;NULL;OppositeHandTrigger;1;0;0;-1;0;0;0.0000;0.0000;2.0000;NULL;Skew;anonymous;NULL;Pointer Shoot;PointerEvent;Participant;7135;1957d216-dffe-4a04-a2b4-c6692a89861b;NULL;-0.0051;0.0153;-0.0665;7.3430;8.2046;1.2238;NULL;0.2107;-0.0291;2.0000;0.2107;-0.0291;2.0000;NULL;NULL;0.0264;-0.6329;0.2716;15.3149;23.4278;335.8691;0.0269;-0.6301;0.2614;14.1959;25.8321;335.5403;1;NULL;-0.0589;-0.6356;0.1894;8.9285;6.0505;81.2250;Palm;NULL;NULL;NULL;NULL;1;0;0;-1;0;0;0.0000;0.0000;2.0000;0.0205;-1.8919;0.0003;0.0000;8.9140;0.0000;0.0000;0.0000;0.0000;0.0000;0.0000;0.0000;0;NULL;0.2196;-0.0982;0.4580;335.4920;356.1756;343.9099;Palm;NULL;46969c4b-2c36-421c-b922-129be17abb0a;NULL;NULL;2;Embodied;1;Skew;OpenLoop;8;LineBisectionFirst;17;0;NULL;0.0000;0.0000;2.0000;Exposure;1.0404;2026-05-20 13:38:43.6986;Hands;NULL;NULL;OpenXR
NULL;Right;NULL;41;Exposure;NULL;OppositeHandTrigger;1;0;0;-1;0;0;0.0000;0.0000;2.0000;NULL;Skew;anonymous;NULL;Mole Missed;PointerEvent;Participant;7135;1957d216-dffe-4a04-a2b4-c6692a89861b;NULL;-0.0051;0.0153;-0.0665;7.3430;8.2046;1.2238;0.2127;0.2107;-0.0291;2.0000;0.2107;-0.0291;2.0000;NULL;0;0.0264;-0.6329;0.2716;15.3149;23.4278;335.8691;0.0269;-0.6301;0.2614;14.1959;25.8321;335.5403;1;NULL;-0.0589;-0.6356;0.1894;8.9285;6.0505;81.2250;Palm;NULL;NULL;NULL;NULL;1;0;0;-1;0;0;0.0000;0.0000;2.0000;0.0205;-1.8919;0.0003;0.0000;8.9140;0.0000;0.0000;0.0000;0.0000;0.0000;0.0000;0.0000;0;NULL;0.2196;-0.0982;0.4580;335.4920;356.1756;343.9099;Palm;NULL;46969c4b-2c36-421c-b922-129be17abb0a;NULL;NULL;2;Embodied;1;Skew;OpenLoop;8;LineBisectionFirst;17;0;NULL;0.0000;0.0000;2.0000;Exposure;0.0000;2026-05-20 13:38:43.7002;Hands;NULL;NULL;OpenXR
NULL;Right;NULL;NULL;Exposure;NULL;OppositeHandTrigger;2;1;0;0;0;0;0.5000;0.0000;2.0000;NULL;Skew;anonymous;NULL;Mole Spawned;MoleEvent;Participant;7135;1957d216-dffe-4a04-a2b4-c6692a89861b;NULL;-0.0051;0.0153;-0.0665;7.3430;8.2046;1.2238;NULL;NULL;NULL;NULL;NULL;NULL;NULL;NULL;NULL;0.0264;-0.6329;0.2716;15.3149;23.4278;335.8691;0.0269;-0.6301;0.2614;14.1959;25.8321;335.5403;1;NULL;-0.0589;-0.6356;0.1894;8.9285;6.0505;81.2250;Palm;NULL;NULL;NULL;NULL;2;1;0;0;0;0;0.5000;0.0000;2.0000;0.0205;-1.8919;0.0003;0.0000;8.9140;0.0000;0.0000;0.0000;0.0000;0.0000;0.0000;0.0000;0;NULL;0.2196;-0.0982;0.4580;335.4920;356.1756;343.9099;Palm;NULL;46969c4b-2c36-421c-b922-129be17abb0a;NULL;NULL;2;Embodied;1;Skew;OpenLoop;8;LineBisectionFirst;NULL;1;NULL;0.5000;0.0000;2.0000;Exposure;0.0000;2026-05-20 13:38:43.7017;Hands;NULL;NULL;OpenXR
NULL;Right;NULL;42;Exposure;NULL;OppositeHandTrigger;2;1;0;0;0;0;0.5000;0.0000;2.0000;NULL;Skew;anonymous;NULL;Pointer Shoot;PointerEvent;Participant;7202;1957d216-dffe-4a04-a2b4-c6692a89861b;NULL;-0.0103;0.0144;-0.0621;7.8758;8.6704;2.1462;NULL;0.3271;-0.1358;2.0000;0.3271;-0.1358;2.0000;NULL;NULL;0.0269;-0.6328;0.2714;14.7407;24.3434;335.8050;0.0293;-0.6290;0.2598;13.4624;26.8117;335.4166;1;NULL;-0.0598;-0.6348;0.1903;8.7194;6.3377;83.9148;Palm;NULL;NULL;NULL;NULL;2;1;0;0;0;0;0.5000;0.0000;2.0000;0.0205;-1.8919;0.0003;0.0000;8.9140;0.0000;0.0000;0.0000;0.0000;0.0000;0.0000;0.0000;0;NULL;0.2856;-0.1006;0.4439;335.3549;1.2282;340.5149;Palm;NULL;46969c4b-2c36-421c-b922-129be17abb0a;NULL;NULL;2;Embodied;1;Skew;OpenLoop;8;LineBisectionFirst;17;1;NULL;0.5000;0.0000;2.0000;Exposure;0.5584;2026-05-20 13:38:44.2575;Hands;NULL;NULL;OpenXR
NULL;Right;NULL;42;Exposure;NULL;OppositeHandTrigger;2;1;0;0;0;0;0.5000;0.0000;2.0000;NULL;Skew;anonymous;NULL;Mole Missed;PointerEvent;Participant;7202;1957d216-dffe-4a04-a2b4-c6692a89861b;NULL;-0.0103;0.0144;-0.0621;7.8758;8.6704;2.1462;0.2199;0.3271;-0.1358;2.0000;0.3271;-0.1358;2.0000;NULL;0;0.0269;-0.6328;0.2714;14.7407;24.3434;335.8050;0.0293;-0.6290;0.2598;13.4624;26.8117;335.4166;1;NULL;-0.0598;-0.6348;0.1903;8.7194;6.3377;83.9148;Palm;NULL;NULL;NULL;NULL;2;1;0;0;0;0;0.5000;0.0000;2.0000;0.0205;-1.8919;0.0003;0.0000;8.9140;0.0000;0.0000;0.0000;0.0000;0.0000;0.0000;0.0000;0;NULL;0.2856;-0.1006;0.4439;335.3549;1.2282;340.5149;Palm;NULL;46969c4b-2c36-421c-b922-129be17abb0a;NULL;NULL;2;Embodied;1;Skew;OpenLoop;8;LineBisectionFirst;17;1;NULL;0.5000;0.0000;2.0000;Exposure;0.0000;2026-05-20 13:38:44.2590;Hands;NULL;NULL;OpenXR
NULL;Right;NULL;NULL;Exposure;NULL;OppositeHandTrigger;1;0;0;-1;0;0;0.0000;0.0000;2.0000;NULL;Skew;anonymous;NULL;Mole Spawned;MoleEvent;Participant;7202;1957d216-dffe-4a04-a2b4-c6692a89861b;NULL;-0.0103;0.0144;-0.0621;7.8758;8.6704;2.1462;NULL;NULL;NULL;NULL;NULL;NULL;NULL;NULL;NULL;0.0269;-0.6328;0.2714;14.7407;24.3434;335.8050;0.0293;-0.6290;0.2598;13.4624;26.8117;335.4166;1;NULL;-0.0598;-0.6348;0.1903;8.7194;6.3377;83.9148;Palm;NULL;NULL;NULL;NULL;1;0;0;-1;0;0;0.0000;0.0000;2.0000;0.0205;-1.8919;0.0003;0.0000;8.9140;0.0000;0.0000;0.0000;0.0000;0.0000;0.0000;0.0000;0;NULL;0.2856;-0.1006;0.4439;335.3549;1.2282;340.5149;Palm;NULL;46969c4b-2c36-421c-b922-129be17abb0a;NULL;NULL;2;Embodied;1;Skew;OpenLoop;8;LineBisectionFirst;NULL;0;NULL;0.0000;0.0000;2.0000;Exposure;0.0000;2026-05-20 13:38:44.2605;Hands;NULL;NULL;OpenXR
NULL;Right;NULL;43;Exposure;NULL;OppositeHandTrigger;1;0;0;-1;0;0;0.0000;0.0000;2.0000;NULL;Skew;anonymous;NULL;Pointer Shoot;PointerEvent;Participant;7272;1957d216-dffe-4a04-a2b4-c6692a89861b;NULL;-0.0076;0.0150;-0.0634;7.7032;8.1168;1.2482;NULL;0.0491;-0.0982;2.0000;0.0491;-0.0982;2.0000;NULL;NULL;0.0278;-0.6331;0.2712;15.2539;23.8987;335.6539;0.0265;-0.6295;0.2606;13.9242;26.2890;335.7003;1;NULL;-0.0568;-0.6325;0.1874;10.7687;8.1225;87.2692;Palm;NULL;NULL;NULL;NULL;1;0;0;-1;0;0;0.0000;0.0000;2.0000;0.0205;-1.8919;0.0003;0.0000;8.9140;0.0000;0.0000;0.0000;0.0000;0.0000;0.0000;0.0000;0;NULL;0.1775;-0.0931;0.4703;334.2793;352.0524;343.0783;Palm;NULL;46969c4b-2c36-421c-b922-129be17abb0a;NULL;NULL;2;Embodied;1;Skew;OpenLoop;8;LineBisectionFirst;17;0;NULL;0.0000;0.0000;2.0000;Exposure;0.5833;2026-05-20 13:38:44.8404;Hands;NULL;NULL;OpenXR
NULL;Right;NULL;43;Exposure;NULL;OppositeHandTrigger;1;0;0;-1;0;0;0.0000;0.0000;2.0000;NULL;Skew;anonymous;NULL;Mole Missed;PointerEvent;Participant;7272;1957d216-dffe-4a04-a2b4-c6692a89861b;NULL;-0.0076;0.0150;-0.0634;7.7032;8.1168;1.2482;0.1098;0.0491;-0.0982;2.0000;0.0491;-0.0982;2.0000;NULL;0;0.0278;-0.6331;0.2712;15.2539;23.8987;335.6539;0.0265;-0.6295;0.2606;13.9242;26.2890;335.7003;1;NULL;-0.0568;-0.6325;0.1874;10.7687;8.1225;87.2692;Palm;NULL;NULL;NULL;NULL;1;0;0;-1;0;0;0.0000;0.0000;2.0000;0.0205;-1.8919;0.0003;0.0000;8.9140;0.0000;0.0000;0.0000;0.0000;0.0000;0.0000;0.0000;0;NULL;0.1775;-0.0931;0.4703;334.2793;352.0524;343.0783;Palm;NULL;46969c4b-2c36-421c-b922-129be17abb0a;NULL;NULL;2;Embodied;1;Skew;OpenLoop;8;LineBisectionFirst;17;0;NULL;0.0000;0.0000;2.0000;Exposure;0.0000;2026-05-20 13:38:44.8419;Hands;NULL;NULL;OpenXR
NULL;Right;NULL;NULL;Exposure;NULL;OppositeHandTrigger;2;1;0;0;0;0;0.5000;0.0000;2.0000;NULL;Skew;anonymous;NULL;Mole Spawned;MoleEvent;Participant;7272;1957d216-dffe-4a04-a2b4-c6692a89861b;NULL;-0.0076;0.0150;-0.0634;7.7032;8.1168;1.2482;NULL;NULL;NULL;NULL;NULL;NULL;NULL;NULL;NULL;0.0278;-0.6331;0.2712;15.2539;23.8987;335.6539;0.0265;-0.6295;0.2606;13.9242;26.2890;335.7003;1;NULL;-0.0568;-0.6325;0.1874;10.7687;8.1225;87.2692;Palm;NULL;NULL;NULL;NULL;2;1;0;0;0;0;0.5000;0.0000;2.0000;0.0205;-1.8919;0.0003;0.0000;8.9140;0.0000;0.0000;0.0000;0.0000;0.0000;0.0000;0.0000;0;NULL;0.1775;-0.0931;0.4703;334.2793;352.0524;343.0783;Palm;NULL;46969c4b-2c36-421c-b922-129be17abb0a;NULL;NULL;2;Embodied;1;Skew;OpenLoop;8;LineBisectionFirst;NULL;1;NULL;0.5000;0.0000;2.0000;Exposure;0.0000;2026-05-20 13:38:44.8435;Hands;NULL;NULL;OpenXR
NULL;Right;NULL;44;Exposure;NULL;OppositeHandTrigger;2;1;0;0;0;0;0.5000;0.0000;2.0000;NULL;Skew;anonymous;NULL;Pointer Shoot;PointerEvent;Participant;7348;1957d216-dffe-4a04-a2b4-c6692a89861b;NULL;-0.0130;0.0143;-0.0612;8.0324;8.5399;2.2023;NULL;0.3096;-0.1036;2.0000;0.3096;-0.1036;2.0000;NULL;NULL;0.0274;-0.6334;0.2713;15.1296;23.9105;335.8420;0.0285;-0.6295;0.2610;13.9532;26.2053;335.9712;1;NULL;-0.0566;-0.6303;0.1880;9.6822;11.7333;88.5173;Palm;NULL;NULL;NULL;NULL;2;1;0;0;0;0;0.5000;0.0000;2.0000;0.0205;-1.8919;0.0003;0.0000;8.9140;0.0000;0.0000;0.0000;0.0000;0.0000;0.0000;0.0000;0;NULL;0.2658;-0.0802;0.4491;333.4761;1.6110;340.4209;Palm;NULL;46969c4b-2c36-421c-b922-129be17abb0a;NULL;NULL;2;Embodied;1;Skew;OpenLoop;8;LineBisectionFirst;17;1;NULL;0.5000;0.0000;2.0000;Exposure;0.6333;2026-05-20 13:38:45.4743;Hands;NULL;NULL;OpenXR
NULL;Right;NULL;44;Exposure;NULL;OppositeHandTrigger;2;1;0;0;0;0;0.5000;0.0000;2.0000;NULL;Skew;anonymous;NULL;Mole Missed;PointerEvent;Participant;7348;1957d216-dffe-4a04-a2b4-c6692a89861b;NULL;-0.0130;0.0143;-0.0612;8.0324;8.5399;2.2023;0.2167;0.3096;-0.1036;2.0000;0.3096;-0.1036;2.0000;NULL;0;0.0274;-0.6334;0.2713;15.1296;23.9105;335.8420;0.0285;-0.6295;0.2610;13.9532;26.2053;335.9712;1;NULL;-0.0566;-0.6303;0.1880;9.6822;11.7333;88.5173;Palm;NULL;NULL;NULL;NULL;2;1;0;0;0;0;0.5000;0.0000;2.0000;0.0205;-1.8919;0.0003;0.0000;8.9140;0.0000;0.0000;0.0000;0.0000;0.0000;0.0000;0.0000;0;NULL;0.2658;-0.0802;0.4491;333.4761;1.6110;340.4209;Palm;NULL;46969c4b-2c36-421c-b922-129be17abb0a;NULL;NULL;2;Embodied;1;Skew;OpenLoop;8;LineBisectionFirst;17;1;NULL;0.5000;0.0000;2.0000;Exposure;0.0000;2026-05-20 13:38:45.4743;Hands;NULL;NULL;OpenXR
NULL;Right;NULL;NULL;Exposure;NULL;OppositeHandTrigger;1;0;0;-1;0;0;0.0000;0.0000;2.0000;NULL;Skew;anonymous;NULL;Mole Spawned;MoleEvent;Participant;7348;1957d216-dffe-4a04-a2b4-c6692a89861b;NULL;-0.0130;0.0143;-0.0612;8.0324;8.5399;2.2023;NULL;NULL;NULL;NULL;NULL;NULL;NULL;NULL;NULL;0.0274;-0.6334;0.2713;15.1296;23.9105;335.8420;0.0285;-0.6295;0.2610;13.9532;26.2053;335.9712;1;NULL;-0.0566;-0.6303;0.1880;9.6822;11.7333;88.5173;Palm;NULL;NULL;NULL;NULL;1;0;0;-1;0;0;0.0000;0.0000;2.0000;0.0205;-1.8919;0.0003;0.0000;8.9140;0.0000;0.0000;0.0000;0.0000;0.0000;0.0000;0.0000;0;NULL;0.2658;-0.0802;0.4491;333.4761;1.6110;340.4209;Palm;NULL;46969c4b-2c36-421c-b922-129be17abb0a;NULL;NULL;2;Embodied;1;Skew;OpenLoop;8;LineBisectionFirst;NULL;0;NULL;0.0000;0.0000;2.0000;Exposure;0.0000;2026-05-20 13:38:45.4758;Hands;NULL;NULL;OpenXR
NULL;Right;NULL;45;Exposure;NULL;OppositeHandTrigger;1;0;0;-1;0;0;0.0000;0.0000;2.0000;NULL;Skew;anonymous;NULL;Pointer Shoot;PointerEvent;Participant;7449;1957d216-dffe-4a04-a2b4-c6692a89861b;NULL;-0.0113;0.0148;-0.0628;7.9203;7.4756;1.1830;NULL;-0.1811;-0.0396;2.0000;-0.1811;-0.0396;2.0000;NULL;NULL;0.0272;-0.6332;0.2714;15.3076;23.2733;335.5630;0.0248;-0.6296;0.2621;14.0207;25.2183;335.6492;1;NULL;-0.0590;-0.6337;0.1883;8.6665;10.9714;85.8664;Palm;NULL;NULL;NULL;NULL;1;0;0;-1;0;0;0.0000;0.0000;2.0000;0.0205;-1.8919;0.0003;0.0000;8.9140;0.0000;0.0000;0.0000;0.0000;0.0000;0.0000;0.0000;0;NULL;0.1109;-0.0797;0.4739;334.1719;348.1838;338.5703;Palm;NULL;46969c4b-2c36-421c-b922-129be17abb0a;NULL;NULL;2;Embodied;1;Skew;OpenLoop;8;LineBisectionFirst;17;0;NULL;0.0000;0.0000;2.0000;Exposure;0.8414;2026-05-20 13:38:46.3155;Hands;NULL;NULL;OpenXR
NULL;Right;NULL;45;Exposure;NULL;OppositeHandTrigger;1;0;0;-1;0;0;0.0000;0.0000;2.0000;NULL;Skew;anonymous;NULL;Mole Missed;PointerEvent;Participant;7449;1957d216-dffe-4a04-a2b4-c6692a89861b;NULL;-0.0113;0.0148;-0.0628;7.9203;7.4756;1.1830;0.1853;-0.1811;-0.0396;2.0000;-0.1811;-0.0396;2.0000;NULL;0;0.0272;-0.6332;0.2714;15.3076;23.2733;335.5630;0.0248;-0.6296;0.2621;14.0207;25.2183;335.6492;1;NULL;-0.0590;-0.6337;0.1883;8.6665;10.9714;85.8664;Palm;NULL;NULL;NULL;NULL;1;0;0;-1;0;0;0.0000;0.0000;2.0000;0.0205;-1.8919;0.0003;0.0000;8.9140;0.0000;0.0000;0.0000;0.0000;0.0000;0.0000;0.0000;0;NULL;0.1109;-0.0797;0.4739;334.1719;348.1838;338.5703;Palm;NULL;46969c4b-2c36-421c-b922-129be17abb0a;NULL;NULL;2;Embodied;1;Skew;OpenLoop;8;LineBisectionFirst;17;0;NULL;0.0000;0.0000;2.0000;Exposure;0.0000;2026-05-20 13:38:46.3171;Hands;NULL;NULL;OpenXR
NULL;Right;NULL;NULL;Exposure;NULL;OppositeHandTrigger;2;1;0;0;0;0;0.5000;0.0000;2.0000;NULL;Skew;anonymous;NULL;Mole Spawned;MoleEvent;Participant;7449;1957d216-dffe-4a04-a2b4-c6692a89861b;NULL;-0.0113;0.0148;-0.0628;7.9203;7.4756;1.1830;NULL;NULL;NULL;NULL;NULL;NULL;NULL;NULL;NULL;0.0272;-0.6332;0.2714;15.3076;23.2733;335.5630;0.0248;-0.6296;0.2621;14.0207;25.2183;335.6492;1;NULL;-0.0590;-0.6337;0.1883;8.6665;10.9714;85.8664;Palm;NULL;NULL;NULL;NULL;2;1;0;0;0;0;0.5000;0.0000;2.0000;0.0205;-1.8919;0.0003;0.0000;8.9140;0.0000;0.0000;0.0000;0.0000;0.0000;0.0000;0.0000;0;NULL;0.1109;-0.0797;0.4739;334.1719;348.1838;338.5703;Palm;NULL;46969c4b-2c36-421c-b922-129be17abb0a;NULL;NULL;2;Embodied;1;Skew;OpenLoop;8;LineBisectionFirst;NULL;1;NULL;0.5000;0.0000;2.0000;Exposure;0.0000;2026-05-20 13:38:46.3186;Hands;NULL;NULL;OpenXR
NULL;Right;NULL;46;Exposure;NULL;OppositeHandTrigger;2;1;0;0;0;0;0.5000;0.0000;2.0000;NULL;Skew;anonymous;NULL;Pointer Shoot;PointerEvent;Participant;7537;1957d216-dffe-4a04-a2b4-c6692a89861b;NULL;-0.0081;0.0144;-0.0631;8.0243;8.8758;1.6536;NULL;0.4739;-0.0238;2.0000;0.4739;-0.0238;2.0000;NULL;NULL;0.0276;-0.6330;0.2709;14.7685;24.7799;335.3919;0.0301;-0.6278;0.2576;13.2201;27.3394;335.0418;1;NULL;-0.0595;-0.6357;0.1902;8.5311;7.3101;79.6048;Palm;NULL;NULL;NULL;NULL;2;1;0;0;0;0;0.5000;0.0000;2.0000;0.0205;-1.8919;0.0003;0.0000;8.9140;0.0000;0.0000;0.0000;0.0000;0.0000;0.0000;0.0000;0;NULL;0.2905;-0.0792;0.4612;334.6710;8.0379;339.0619;Palm;NULL;46969c4b-2c36-421c-b922-129be17abb0a;NULL;NULL;2;Embodied;1;Skew;OpenLoop;8;LineBisectionFirst;17;1;NULL;0.5000;0.0000;2.0000;Exposure;0.7333;2026-05-20 13:38:47.0487;Hands;NULL;NULL;OpenXR
NULL;Right;NULL;46;Exposure;NULL;OppositeHandTrigger;2;1;0;0;0;0;0.5000;0.0000;2.0000;NULL;Skew;anonymous;NULL;Mole Hit;MoleEvent;Participant;7537;1957d216-dffe-4a04-a2b4-c6692a89861b;NULL;-0.0081;0.0144;-0.0631;8.0243;8.8758;1.6536;0.0353;0.4739;-0.0238;2.0000;0.4739;-0.0238;2.0000;NULL;1;0.0276;-0.6330;0.2709;14.7685;24.7799;335.3919;0.0301;-0.6278;0.2576;13.2201;27.3394;335.0418;1;NULL;-0.0595;-0.6357;0.1902;8.5311;7.3101;79.6048;Palm;NULL;NULL;NULL;NULL;2;1;0;0;0;0;0.5000;0.0000;2.0000;0.0205;-1.8919;0.0003;0.0000;8.9140;0.0000;0.0000;0.0000;0.0000;0.0000;0.0000;0.0000;0;NULL;0.2905;-0.0792;0.4612;334.6710;8.0379;339.0619;Palm;NULL;46969c4b-2c36-421c-b922-129be17abb0a;NULL;NULL;2;Embodied;1;Skew;OpenLoop;8;LineBisectionFirst;17;1;NULL;0.5000;0.0000;2.0000;Exposure;0.0000;2026-05-20 13:38:47.0502;Hands;NULL;NULL;OpenXR
NULL;Right;NULL;NULL;Exposure;NULL;OppositeHandTrigger;3;2;0;1;0;0;-0.5000;0.0000;2.0000;NULL;Skew;anonymous;NULL;Mole Spawned;MoleEvent;Participant;7537;1957d216-dffe-4a04-a2b4-c6692a89861b;NULL;-0.0081;0.0144;-0.0631;8.0243;8.8758;1.6536;NULL;NULL;NULL;NULL;NULL;NULL;NULL;NULL;NULL;0.0276;-0.6330;0.2709;14.7685;24.7799;335.3919;0.0301;-0.6278;0.2576;13.2201;27.3394;335.0418;1;NULL;-0.0595;-0.6357;0.1902;8.5311;7.3101;79.6048;Palm;NULL;NULL;NULL;NULL;3;2;0;1;0;0;-0.5000;0.0000;2.0000;0.0205;-1.8919;0.0003;0.0000;8.9140;0.0000;0.0000;0.0000;0.0000;0.0000;0.0000;0.0000;0;NULL;0.2905;-0.0792;0.4612;334.6710;8.0379;339.0619;Palm;NULL;46969c4b-2c36-421c-b922-129be17abb0a;NULL;NULL;2;Embodied;1;Skew;OpenLoop;8;LineBisectionFirst;NULL;2;NULL;-0.5000;0.0000;2.0000;Exposure;0.0000;2026-05-20 13:38:47.0518;Hands;NULL;NULL;OpenXR
NULL;Right;NULL;47;Exposure;NULL;OppositeHandTrigger;3;2;0;1;0;0;-0.5000;0.0000;2.0000;NULL;Skew;anonymous;NULL;Pointer Shoot;PointerEvent;Participant;7660;1957d216-dffe-4a04-a2b4-c6692a89861b;NULL;-0.0144;0.0143;-0.0646;8.1546;6.7840;1.5398;NULL;-0.4602;-0.0207;2.0000;-0.4602;-0.0207;2.0000;NULL;NULL;0.0271;-0.6328;0.2707;15.0498;24.1621;335.5460;0.0273;-0.6281;0.2578;13.4684;27.4423;336.1712;1;NULL;-0.0602;-0.6335;0.1892;9.6828;6.6800;81.5603;Palm;NULL;NULL;NULL;NULL;3;2;0;1;0;0;-0.5000;0.0000;2.0000;0.0205;-1.8919;0.0003;0.0000;8.9140;0.0000;0.0000;0.0000;0.0000;0.0000;0.0000;0.0000;0;NULL;0.0356;-0.0843;0.4611;334.3817;341.4023;338.3651;Palm;NULL;46969c4b-2c36-421c-b922-129be17abb0a;NULL;NULL;2;Embodied;1;Skew;OpenLoop;8;LineBisectionFirst;18;2;NULL;-0.5000;0.0000;2.0000;Exposure;1.0255;2026-05-20 13:38:48.0739;Hands;NULL;NULL;OpenXR
NULL;Right;NULL;47;Exposure;NULL;OppositeHandTrigger;3;2;0;1;0;0;-0.5000;0.0000;2.0000;NULL;Skew;anonymous;NULL;Mole Hit;MoleEvent;Participant;7660;1957d216-dffe-4a04-a2b4-c6692a89861b;NULL;-0.0144;0.0143;-0.0646;8.1546;6.7840;1.5398;0.0448;-0.4602;-0.0207;2.0000;-0.4602;-0.0207;2.0000;NULL;1;0.0271;-0.6328;0.2707;15.0498;24.1621;335.5460;0.0273;-0.6281;0.2578;13.4684;27.4423;336.1712;1;NULL;-0.0602;-0.6335;0.1892;9.6828;6.6800;81.5603;Palm;NULL;NULL;NULL;NULL;3;2;0;1;0;0;-0.5000;0.0000;2.0000;0.0205;-1.8919;0.0003;0.0000;8.9140;0.0000;0.0000;0.0000;0.0000;0.0000;0.0000;0.0000;0;NULL;0.0356;-0.0843;0.4611;334.3817;341.4023;338.3651;Palm;NULL;46969c4b-2c36-421c-b922-129be17abb0a;NULL;NULL;2;Embodied;1;Skew;OpenLoop;8;LineBisectionFirst;18;2;NULL;-0.5000;0.0000;2.0000;Exposure;0.0000;2026-05-20 13:38:48.0754;Hands;NULL;NULL;OpenXR
NULL;Right;NULL;NULL;Exposure;NULL;OppositeHandTrigger;2;1;0;0;0;0;0.5000;0.0000;2.0000;NULL;Skew;anonymous;NULL;Mole Spawned;MoleEvent;Participant;7660;1957d216-dffe-4a04-a2b4-c6692a89861b;NULL;-0.0144;0.0143;-0.0646;8.1546;6.7840;1.5398;NULL;NULL;NULL;NULL;NULL;NULL;NULL;NULL;NULL;0.0271;-0.6328;0.2707;15.0498;24.1621;335.5460;0.0273;-0.6281;0.2578;13.4684;27.4423;336.1712;1;NULL;-0.0602;-0.6335;0.1892;9.6828;6.6800;81.5603;Palm;NULL;NULL;NULL;NULL;2;1;0;0;0;0;0.5000;0.0000;2.0000;0.0205;-1.8919;0.0003;0.0000;8.9140;0.0000;0.0000;0.0000;0.0000;0.0000;0.0000;0.0000;0;NULL;0.0356;-0.0843;0.4611;334.3817;341.4023;338.3651;Palm;NULL;46969c4b-2c36-421c-b922-129be17abb0a;NULL;NULL;2;Embodied;1;Skew;OpenLoop;8;LineBisectionFirst;NULL;1;NULL;0.5000;0.0000;2.0000;Exposure;0.0000;2026-05-20 13:38:48.0779;Hands;NULL;NULL;OpenXR
NULL;Right;NULL;48;Exposure;NULL;OppositeHandTrigger;2;1;0;0;0;0;0.5000;0.0000;2.0000;NULL;Skew;anonymous;NULL;Pointer Shoot;PointerEvent;Participant;7751;1957d216-dffe-4a04-a2b4-c6692a89861b;NULL;-0.0099;0.0137;-0.0607;8.5095;8.2601;1.5673;NULL;0.3993;-0.0703;2.0000;0.3993;-0.0703;2.0000;NULL;NULL;0.0268;-0.6320;0.2707;14.6312;23.1552;335.2667;0.0274;-0.6280;0.2611;13.5492;25.3320;335.1603;1;NULL;-0.0578;-0.6332;0.1884;8.7935;7.4746;86.5247;Palm;NULL;NULL;NULL;NULL;2;1;0;0;0;0;0.5000;0.0000;2.0000;0.0205;-1.8919;0.0003;0.0000;8.9140;0.0000;0.0000;0.0000;0.0000;0.0000;0.0000;0.0000;0;NULL;0.2769;-0.0921;0.4464;335.0689;4.8010;342.2984;Palm;NULL;46969c4b-2c36-421c-b922-129be17abb0a;NULL;NULL;2;Embodied;1;Skew;OpenLoop;8;LineBisectionFirst;19;1;NULL;0.5000;0.0000;2.0000;Exposure;0.7571;2026-05-20 13:38:48.8319;Hands;NULL;NULL;OpenXR
NULL;Right;NULL;48;Exposure;NULL;OppositeHandTrigger;2;1;0;0;0;0;0.5000;0.0000;2.0000;NULL;Skew;anonymous;NULL;Mole Missed;PointerEvent;Participant;7751;1957d216-dffe-4a04-a2b4-c6692a89861b;NULL;-0.0099;0.0137;-0.0607;8.5095;8.2601;1.5673;0.1228;0.3993;-0.0703;2.0000;0.3993;-0.0703;2.0000;NULL;0;0.0268;-0.6320;0.2707;14.6312;23.1552;335.2667;0.0274;-0.6280;0.2611;13.5492;25.3320;335.1603;1;NULL;-0.0578;-0.6332;0.1884;8.7935;7.4746;86.5247;Palm;NULL;NULL;NULL;NULL;2;1;0;0;0;0;0.5000;0.0000;2.0000;0.0205;-1.8919;0.0003;0.0000;8.9140;0.0000;0.0000;0.0000;0.0000;0.0000;0.0000;0.0000;0;NULL;0.2769;-0.0921;0.4464;335.0689;4.8010;342.2984;Palm;NULL;46969c4b-2c36-421c-b922-129be17abb0a;NULL;NULL;2;Embodied;1;Skew;OpenLoop;8;LineBisectionFirst;19;1;NULL;0.5000;0.0000;2.0000;Exposure;0.0000;2026-05-20 13:38:48.8324;Hands;NULL;NULL;OpenXR
NULL;Right;NULL;NULL;Exposure;NULL;OppositeHandTrigger;1;0;0;-1;0;0;0.0000;0.0000;2.0000;NULL;Skew;anonymous;NULL;Mole Spawned;MoleEvent;Participant;7751;1957d216-dffe-4a04-a2b4-c6692a89861b;NULL;-0.0099;0.0137;-0.0607;8.5095;8.2601;1.5673;NULL;NULL;NULL;NULL;NULL;NULL;NULL;NULL;NULL;0.0268;-0.6320;0.2707;14.6312;23.1552;335.2667;0.0274;-0.6280;0.2611;13.5492;25.3320;335.1603;1;NULL;-0.0578;-0.6332;0.1884;8.7935;7.4746;86.5247;Palm;NULL;NULL;NULL;NULL;1;0;0;-1;0;0;0.0000;0.0000;2.0000;0.0205;-1.8919;0.0003;0.0000;8.9140;0.0000;0.0000;0.0000;0.0000;0.0000;0.0000;0.0000;0;NULL;0.2769;-0.0921;0.4464;335.0689;4.8010;342.2984;Palm;NULL;46969c4b-2c36-421c-b922-129be17abb0a;NULL;NULL;2;Embodied;1;Skew;OpenLoop;8;LineBisectionFirst;NULL;0;NULL;0.0000;0.0000;2.0000;Exposure;0.0000;2026-05-20 13:38:48.8345;Hands;NULL;NULL;OpenXR
NULL;Right;NULL;49;Exposure;NULL;OppositeHandTrigger;1;0;0;-1;0;0;0.0000;0.0000;2.0000;NULL;Skew;anonymous;NULL;Pointer Shoot;PointerEvent;Participant;7815;1957d216-dffe-4a04-a2b4-c6692a89861b;NULL;-0.0114;0.0142;-0.0613;8.4753;7.3263;0.9821;NULL;0.0403;-0.0210;2.0000;0.0403;-0.0210;2.0000;NULL;NULL;0.0268;-0.6318;0.2708;14.5944;23.3669;335.2871;0.0243;-0.6278;0.2608;13.3168;25.3803;335.1165;1;NULL;-0.0566;-0.6276;0.1861;10.8034;11.2673;91.0948;Palm;NULL;NULL;NULL;NULL;1;0;0;-1;0;0;0.0000;0.0000;2.0000;0.0205;-1.8919;0.0003;0.0000;8.9140;0.0000;0.0000;0.0000;0.0000;0.0000;0.0000;0.0000;0;NULL;0.1395;-0.0812;0.4756;334.5048;351.2559;339.3760;Palm;NULL;46969c4b-2c36-421c-b922-129be17abb0a;NULL;NULL;2;Embodied;1;Skew;OpenLoop;8;LineBisectionFirst;19;0;NULL;0.0000;0.0000;2.0000;Exposure;0.5332;2026-05-20 13:38:49.3638;Hands;NULL;NULL;OpenXR
NULL;Right;NULL;49;Exposure;NULL;OppositeHandTrigger;1;0;0;-1;0;0;0.0000;0.0000;2.0000;NULL;Skew;anonymous;NULL;Mole Hit;MoleEvent;Participant;7815;1957d216-dffe-4a04-a2b4-c6692a89861b;NULL;-0.0114;0.0142;-0.0613;8.4753;7.3263;0.9821;0.0454;0.0403;-0.0210;2.0000;0.0403;-0.0210;2.0000;NULL;1;0.0268;-0.6318;0.2708;14.5944;23.3669;335.2871;0.0243;-0.6278;0.2608;13.3168;25.3803;335.1165;1;NULL;-0.0566;-0.6276;0.1861;10.8034;11.2673;91.0948;Palm;NULL;NULL;NULL;NULL;1;0;0;-1;0;0;0.0000;0.0000;2.0000;0.0205;-1.8919;0.0003;0.0000;8.9140;0.0000;0.0000;0.0000;0.0000;0.0000;0.0000;0.0000;0;NULL;0.1395;-0.0812;0.4756;334.5048;351.2559;339.3760;Palm;NULL;46969c4b-2c36-421c-b922-129be17abb0a;NULL;NULL;2;Embodied;1;Skew;OpenLoop;8;LineBisectionFirst;19;0;NULL;0.0000;0.0000;2.0000;Exposure;0.0000;2026-05-20 13:38:49.3653;Hands;NULL;NULL;OpenXR
NULL;Right;NULL;NULL;Exposure;NULL;OppositeHandTrigger;3;2;0;1;0;0;-0.5000;0.0000;2.0000;NULL;Skew;anonymous;NULL;Mole Spawned;MoleEvent;Participant;7815;1957d216-dffe-4a04-a2b4-c6692a89861b;NULL;-0.0114;0.0142;-0.0613;8.4753;7.3263;0.9821;NULL;NULL;NULL;NULL;NULL;NULL;NULL;NULL;NULL;0.0268;-0.6318;0.2708;14.5944;23.3669;335.2871;0.0243;-0.6278;0.2608;13.3168;25.3803;335.1165;1;NULL;-0.0566;-0.6276;0.1861;10.8034;11.2673;91.0948;Palm;NULL;NULL;NULL;NULL;3;2;0;1;0;0;-0.5000;0.0000;2.0000;0.0205;-1.8919;0.0003;0.0000;8.9140;0.0000;0.0000;0.0000;0.0000;0.0000;0.0000;0.0000;0;NULL;0.1395;-0.0812;0.4756;334.5048;351.2559;339.3760;Palm;NULL;46969c4b-2c36-421c-b922-129be17abb0a;NULL;NULL;2;Embodied;1;Skew;OpenLoop;8;LineBisectionFirst;NULL;2;NULL;-0.5000;0.0000;2.0000;Exposure;0.0000;2026-05-20 13:38:49.3668;Hands;NULL;NULL;OpenXR
NULL;Right;NULL;50;Exposure;NULL;OppositeHandTrigger;3;2;0;1;0;0;-0.5000;0.0000;2.0000;NULL;Skew;anonymous;NULL;Pointer Shoot;PointerEvent;Participant;7891;1957d216-dffe-4a04-a2b4-c6692a89861b;NULL;-0.0109;0.0146;-0.0651;8.1122;7.1892;0.7622;NULL;-0.4049;-0.0142;2.0000;-0.4049;-0.0142;2.0000;NULL;NULL;0.0260;-0.6321;0.2715;14.6894;23.3728;335.5238;0.0260;-0.6282;0.2603;13.3248;25.5964;334.9463;1;NULL;-0.0585;-0.6280;0.1856;10.6637;11.3112;89.0583;Palm;NULL;NULL;NULL;NULL;3;2;0;1;0;0;-0.5000;0.0000;2.0000;0.0205;-1.8919;0.0003;0.0000;8.9140;0.0000;0.0000;0.0000;0.0000;0.0000;0.0000;0.0000;0;NULL;0.0361;-0.0759;0.4594;334.6714;340.9258;341.3799;Palm;NULL;46969c4b-2c36-421c-b922-129be17abb0a;NULL;NULL;2;Embodied;1;Skew;OpenLoop;8;LineBisectionFirst;20;2;NULL;-0.5000;0.0000;2.0000;Exposure;0.6332;2026-05-20 13:38:49.9978;Hands;NULL;NULL;OpenXR
NULL;Right;NULL;50;Exposure;NULL;OppositeHandTrigger;3;2;0;1;0;0;-0.5000;0.0000;2.0000;NULL;Skew;anonymous;NULL;Mole Hit;MoleEvent;Participant;7891;1957d216-dffe-4a04-a2b4-c6692a89861b;NULL;-0.0109;0.0146;-0.0651;8.1122;7.1892;0.7622;0.0962;-0.4049;-0.0142;2.0000;-0.4049;-0.0142;2.0000;NULL;1;0.0260;-0.6321;0.2715;14.6894;23.3728;335.5238;0.0260;-0.6282;0.2603;13.3248;25.5964;334.9463;1;NULL;-0.0585;-0.6280;0.1856;10.6637;11.3112;89.0583;Palm;NULL;NULL;NULL;NULL;3;2;0;1;0;0;-0.5000;0.0000;2.0000;0.0205;-1.8919;0.0003;0.0000;8.9140;0.0000;0.0000;0.0000;0.0000;0.0000;0.0000;0.0000;0;NULL;0.0361;-0.0759;0.4594;334.6714;340.9258;341.3799;Palm;NULL;46969c4b-2c36-421c-b922-129be17abb0a;NULL;NULL;2;Embodied;1;Skew;OpenLoop;8;LineBisectionFirst;20;2;NULL;-0.5000;0.0000;2.0000;Exposure;0.0000;2026-05-20 13:38:49.9993;Hands;NULL;NULL;OpenXR
NULL;Right;NULL;NULL;Exposure;NULL;OppositeHandTrigger;1;0;0;-1;0;0;0.0000;0.0000;2.0000;NULL;Skew;anonymous;NULL;Mole Spawned;MoleEvent;Participant;7891;1957d216-dffe-4a04-a2b4-c6692a89861b;NULL;-0.0109;0.0146;-0.0651;8.1122;7.1892;0.7622;NULL;NULL;NULL;NULL;NULL;NULL;NULL;NULL;NULL;0.0260;-0.6321;0.2715;14.6894;23.3728;335.5238;0.0260;-0.6282;0.2603;13.3248;25.5964;334.9463;1;NULL;-0.0585;-0.6280;0.1856;10.6637;11.3112;89.0583;Palm;NULL;NULL;NULL;NULL;1;0;0;-1;0;0;0.0000;0.0000;2.0000;0.0205;-1.8919;0.0003;0.0000;8.9140;0.0000;0.0000;0.0000;0.0000;0.0000;0.0000;0.0000;0;NULL;0.0361;-0.0759;0.4594;334.6714;340.9258;341.3799;Palm;NULL;46969c4b-2c36-421c-b922-129be17abb0a;NULL;NULL;2;Embodied;1;Skew;OpenLoop;8;LineBisectionFirst;NULL;0;NULL;0.0000;0.0000;2.0000;Exposure;0.0000;2026-05-20 13:38:50.0009;Hands;NULL;NULL;OpenXR
NULL;Right;NULL;51;Exposure;NULL;OppositeHandTrigger;1;0;0;-1;0;0;0.0000;0.0000;2.0000;NULL;Skew;anonymous;NULL;Pointer Shoot;PointerEvent;Participant;7946;1957d216-dffe-4a04-a2b4-c6692a89861b;NULL;-0.0127;0.0151;-0.0674;7.8101;7.7901;1.4350;NULL;-0.0943;-0.0821;2.0000;-0.0943;-0.0821;2.0000;NULL;NULL;0.0264;-0.6321;0.2706;14.4560;24.6060;335.2359;0.0291;-0.6282;0.2573;12.9110;27.3338;334.5616;1;NULL;-0.0568;-0.6265;0.1826;11.1845;10.5125;87.8068;Palm;NULL;NULL;NULL;NULL;1;0;0;-1;0;0;0.0000;0.0000;2.0000;0.0205;-1.8919;0.0003;0.0000;8.9140;0.0000;0.0000;0.0000;0.0000;0.0000;0.0000;0.0000;0;NULL;0.1406;-0.0911;0.4735;335.9678;351.8116;342.1058;Palm;NULL;46969c4b-2c36-421c-b922-129be17abb0a;NULL;NULL;2;Embodied;1;Skew;OpenLoop;8;LineBisectionFirst;21;0;NULL;0.0000;0.0000;2.0000;Exposure;0.4583;2026-05-20 13:38:50.4555;Hands;NULL;NULL;OpenXR
NULL;Right;NULL;51;Exposure;NULL;OppositeHandTrigger;1;0;0;-1;0;0;0.0000;0.0000;2.0000;NULL;Skew;anonymous;NULL;Mole Missed;PointerEvent;Participant;7946;1957d216-dffe-4a04-a2b4-c6692a89861b;NULL;-0.0127;0.0151;-0.0674;7.8101;7.7901;1.4350;0.1250;-0.0943;-0.0821;2.0000;-0.0943;-0.0821;2.0000;NULL;0;0.0264;-0.6321;0.2706;14.4560;24.6060;335.2359;0.0291;-0.6282;0.2573;12.9110;27.3338;334.5616;1;NULL;-0.0568;-0.6265;0.1826;11.1845;10.5125;87.8068;Palm;NULL;NULL;NULL;NULL;1;0;0;-1;0;0;0.0000;0.0000;2.0000;0.0205;-1.8919;0.0003;0.0000;8.9140;0.0000;0.0000;0.0000;0.0000;0.0000;0.0000;0.0000;0;NULL;0.1406;-0.0911;0.4735;335.9678;351.8116;342.1058;Palm;NULL;46969c4b-2c36-421c-b922-129be17abb0a;NULL;NULL;2;Embodied;1;Skew;OpenLoop;8;LineBisectionFirst;21;0;NULL;0.0000;0.0000;2.0000;Exposure;0.0000;2026-05-20 13:38:50.4570;Hands;NULL;NULL;OpenXR
NULL;Right;NULL;NULL;Exposure;NULL;OppositeHandTrigger;2;1;0;0;0;0;0.5000;0.0000;2.0000;NULL;Skew;anonymous;NULL;Mole Spawned;MoleEvent;Participant;7946;1957d216-dffe-4a04-a2b4-c6692a89861b;NULL;-0.0127;0.0151;-0.0674;7.8101;7.7901;1.4350;NULL;NULL;NULL;NULL;NULL;NULL;NULL;NULL;NULL;0.0264;-0.6321;0.2706;14.4560;24.6060;335.2359;0.0291;-0.6282;0.2573;12.9110;27.3338;334.5616;1;NULL;-0.0568;-0.6265;0.1826;11.1845;10.5125;87.8068;Palm;NULL;NULL;NULL;NULL;2;1;0;0;0;0;0.5000;0.0000;2.0000;0.0205;-1.8919;0.0003;0.0000;8.9140;0.0000;0.0000;0.0000;0.0000;0.0000;0.0000;0.0000;0;NULL;0.1406;-0.0911;0.4735;335.9678;351.8116;342.1058;Palm;NULL;46969c4b-2c36-421c-b922-129be17abb0a;NULL;NULL;2;Embodied;1;Skew;OpenLoop;8;LineBisectionFirst;NULL;1;NULL;0.5000;0.0000;2.0000;Exposure;0.0000;2026-05-20 13:38:50.4585;Hands;NULL;NULL;OpenXR
NULL;Right;NULL;52;Exposure;NULL;OppositeHandTrigger;2;1;0;0;0;0;0.5000;0.0000;2.0000;NULL;Skew;anonymous;NULL;Pointer Shoot;PointerEvent;Participant;8013;1957d216-dffe-4a04-a2b4-c6692a89861b;NULL;-0.0066;0.0145;-0.0656;8.1098;9.4307;1.0259;NULL;0.3669;-0.0123;2.0000;0.3669;-0.0123;2.0000;NULL;NULL;0.0272;-0.6325;0.2704;14.8361;24.0385;334.8531;0.0299;-0.6296;0.2591;13.6766;26.9537;334.6261;1;NULL;-0.0573;-0.6318;0.1872;8.7938;10.3214;85.2731;Palm;NULL;NULL;NULL;NULL;2;1;0;0;0;0;0.5000;0.0000;2.0000;0.0205;-1.8919;0.0003;0.0000;8.9140;0.0000;0.0000;0.0000;0.0000;0.0000;0.0000;0.0000;0;NULL;0.2756;-0.0804;0.4482;333.3628;5.1563;340.3074;Palm;NULL;46969c4b-2c36-421c-b922-129be17abb0a;NULL;NULL;2;Embodied;1;Skew;OpenLoop;8;LineBisectionFirst;21;1;NULL;0.5000;0.0000;2.0000;Exposure;0.5582;2026-05-20 13:38:51.0147;Hands;NULL;NULL;OpenXR
NULL;Right;NULL;52;Exposure;NULL;OppositeHandTrigger;2;1;0;0;0;0;0.5000;0.0000;2.0000;NULL;Skew;anonymous;NULL;Mole Missed;PointerEvent;Participant;8013;1957d216-dffe-4a04-a2b4-c6692a89861b;NULL;-0.0066;0.0145;-0.0656;8.1098;9.4307;1.0259;0.1337;0.3669;-0.0123;2.0000;0.3669;-0.0123;2.0000;NULL;0;0.0272;-0.6325;0.2704;14.8361;24.0385;334.8531;0.0299;-0.6296;0.2591;13.6766;26.9537;334.6261;1;NULL;-0.0573;-0.6318;0.1872;8.7938;10.3214;85.2731;Palm;NULL;NULL;NULL;NULL;2;1;0;0;0;0;0.5000;0.0000;2.0000;0.0205;-1.8919;0.0003;0.0000;8.9140;0.0000;0.0000;0.0000;0.0000;0.0000;0.0000;0.0000;0;NULL;0.2756;-0.0804;0.4482;333.3628;5.1563;340.3074;Palm;NULL;46969c4b-2c36-421c-b922-129be17abb0a;NULL;NULL;2;Embodied;1;Skew;OpenLoop;8;LineBisectionFirst;21;1;NULL;0.5000;0.0000;2.0000;Exposure;0.0000;2026-05-20 13:38:51.0152;Hands;NULL;NULL;OpenXR
NULL;Right;NULL;NULL;Exposure;NULL;OppositeHandTrigger;3;2;0;1;0;0;-0.5000;0.0000;2.0000;NULL;Skew;anonymous;NULL;Mole Spawned;MoleEvent;Participant;8013;1957d216-dffe-4a04-a2b4-c6692a89861b;NULL;-0.0066;0.0145;-0.0656;8.1098;9.4307;1.0259;NULL;NULL;NULL;NULL;NULL;NULL;NULL;NULL;NULL;0.0272;-0.6325;0.2704;14.8361;24.0385;334.8531;0.0299;-0.6296;0.2591;13.6766;26.9537;334.6261;1;NULL;-0.0573;-0.6318;0.1872;8.7938;10.3214;85.2731;Palm;NULL;NULL;NULL;NULL;3;2;0;1;0;0;-0.5000;0.0000;2.0000;0.0205;-1.8919;0.0003;0.0000;8.9140;0.0000;0.0000;0.0000;0.0000;0.0000;0.0000;0.0000;0;NULL;0.2756;-0.0804;0.4482;333.3628;5.1563;340.3074;Palm;NULL;46969c4b-2c36-421c-b922-129be17abb0a;NULL;NULL;2;Embodied;1;Skew;OpenLoop;8;LineBisectionFirst;NULL;2;NULL;-0.5000;0.0000;2.0000;Exposure;0.0000;2026-05-20 13:38:51.0167;Hands;NULL;NULL;OpenXR
NULL;Right;NULL;53;Exposure;NULL;OppositeHandTrigger;3;2;0;1;0;0;-0.5000;0.0000;2.0000;NULL;Skew;anonymous;NULL;Pointer Shoot;PointerEvent;Participant;8112;1957d216-dffe-4a04-a2b4-c6692a89861b;NULL;-0.0147;0.0137;-0.0627;8.5762;6.5302;1.0969;NULL;-0.3730;-0.0442;2.0000;-0.3730;-0.0442;2.0000;NULL;NULL;0.0275;-0.6333;0.2705;14.7337;24.0019;334.4474;0.0266;-0.6293;0.2593;13.2060;26.5364;334.4842;1;NULL;-0.0604;-0.6327;0.1895;8.6357;7.3895;80.2996;Palm;NULL;NULL;NULL;NULL;3;2;0;1;0;0;-0.5000;0.0000;2.0000;0.0205;-1.8919;0.0003;0.0000;8.9140;0.0000;0.0000;0.0000;0.0000;0.0000;0.0000;0.0000;0;NULL;0.0348;-0.0838;0.4675;335.1778;344.0524;335.9666;Palm;NULL;46969c4b-2c36-421c-b922-129be17abb0a;NULL;NULL;2;Embodied;1;Skew;OpenLoop;8;LineBisectionFirst;21;2;NULL;-0.5000;0.0000;2.0000;Exposure;0.8248;2026-05-20 13:38:51.8381;Hands;NULL;NULL;OpenXR
NULL;Right;NULL;53;Exposure;NULL;OppositeHandTrigger;3;2;0;1;0;0;-0.5000;0.0000;2.0000;NULL;Skew;anonymous;NULL;Mole Missed;PointerEvent;Participant;8112;1957d216-dffe-4a04-a2b4-c6692a89861b;NULL;-0.0147;0.0137;-0.0627;8.5762;6.5302;1.0969;0.1345;-0.3730;-0.0442;2.0000;-0.3730;-0.0442;2.0000;NULL;0;0.0275;-0.6333;0.2705;14.7337;24.0019;334.4474;0.0266;-0.6293;0.2593;13.2060;26.5364;334.4842;1;NULL;-0.0604;-0.6327;0.1895;8.6357;7.3895;80.2996;Palm;NULL;NULL;NULL;NULL;3;2;0;1;0;0;-0.5000;0.0000;2.0000;0.0205;-1.8919;0.0003;0.0000;8.9140;0.0000;0.0000;0.0000;0.0000;0.0000;0.0000;0.0000;0;NULL;0.0348;-0.0838;0.4675;335.1778;344.0524;335.9666;Palm;NULL;46969c4b-2c36-421c-b922-129be17abb0a;NULL;NULL;2;Embodied;1;Skew;OpenLoop;8;LineBisectionFirst;21;2;NULL;-0.5000;0.0000;2.0000;Exposure;0.0000;2026-05-20 13:38:51.8396;Hands;NULL;NULL;OpenXR
NULL;Right;NULL;NULL;Exposure;NULL;OppositeHandTrigger;1;0;0;-1;0;0;0.0000;0.0000;2.0000;NULL;Skew;anonymous;NULL;Mole Spawned;MoleEvent;Participant;8112;1957d216-dffe-4a04-a2b4-c6692a89861b;NULL;-0.0147;0.0137;-0.0627;8.5762;6.5302;1.0969;NULL;NULL;NULL;NULL;NULL;NULL;NULL;NULL;NULL;0.0275;-0.6333;0.2705;14.7337;24.0019;334.4474;0.0266;-0.6293;0.2593;13.2060;26.5364;334.4842;1;NULL;-0.0604;-0.6327;0.1895;8.6357;7.3895;80.2996;Palm;NULL;NULL;NULL;NULL;1;0;0;-1;0;0;0.0000;0.0000;2.0000;0.0205;-1.8919;0.0003;0.0000;8.9140;0.0000;0.0000;0.0000;0.0000;0.0000;0.0000;0.0000;0;NULL;0.0348;-0.0838;0.4675;335.1778;344.0524;335.9666;Palm;NULL;46969c4b-2c36-421c-b922-129be17abb0a;NULL;NULL;2;Embodied;1;Skew;OpenLoop;8;LineBisectionFirst;NULL;0;NULL;0.0000;0.0000;2.0000;Exposure;0.0000;2026-05-20 13:38:51.8421;Hands;NULL;NULL;OpenXR
NULL;Right;NULL;54;Exposure;NULL;OppositeHandTrigger;1;0;0;-1;0;0;0.0000;0.0000;2.0000;NULL;Skew;anonymous;NULL;Pointer Shoot;PointerEvent;Participant;8167;1957d216-dffe-4a04-a2b4-c6692a89861b;NULL;-0.0128;0.0137;-0.0635;8.2744;8.2340;1.6988;NULL;-0.0110;-0.0800;2.0000;-0.0110;-0.0800;2.0000;NULL;NULL;0.0280;-0.6334;0.2700;14.4412;25.0318;334.6358;0.0315;-0.6295;0.2573;12.8643;27.7786;334.0447;1;NULL;-0.0582;-0.6335;0.1907;8.6659;7.5876;80.9442;Palm;NULL;NULL;NULL;NULL;1;0;0;-1;0;0;0.0000;0.0000;2.0000;0.0205;-1.8919;0.0003;0.0000;8.9140;0.0000;0.0000;0.0000;0.0000;0.0000;0.0000;0.0000;0;NULL;0.1832;-0.0916;0.4661;335.1654;353.8701;340.7073;Palm;NULL;46969c4b-2c36-421c-b922-129be17abb0a;NULL;NULL;2;Embodied;1;Skew;OpenLoop;8;LineBisectionFirst;21;0;NULL;0.0000;0.0000;2.0000;Exposure;0.4581;2026-05-20 13:38:52.2971;Hands;NULL;NULL;OpenXR
NULL;Right;NULL;54;Exposure;NULL;OppositeHandTrigger;1;0;0;-1;0;0;0.0000;0.0000;2.0000;NULL;Skew;anonymous;NULL;Mole Hit;MoleEvent;Participant;8167;1957d216-dffe-4a04-a2b4-c6692a89861b;NULL;-0.0128;0.0137;-0.0635;8.2744;8.2340;1.6988;0.0808;-0.0110;-0.0800;2.0000;-0.0110;-0.0800;2.0000;NULL;1;0.0280;-0.6334;0.2700;14.4412;25.0318;334.6358;0.0315;-0.6295;0.2573;12.8643;27.7786;334.0447;1;NULL;-0.0582;-0.6335;0.1907;8.6659;7.5876;80.9442;Palm;NULL;NULL;NULL;NULL;1;0;0;-1;0;0;0.0000;0.0000;2.0000;0.0205;-1.8919;0.0003;0.0000;8.9140;0.0000;0.0000;0.0000;0.0000;0.0000;0.0000;0.0000;0;NULL;0.1832;-0.0916;0.4661;335.1654;353.8701;340.7073;Palm;NULL;46969c4b-2c36-421c-b922-129be17abb0a;NULL;NULL;2;Embodied;1;Skew;OpenLoop;8;LineBisectionFirst;21;0;NULL;0.0000;0.0000;2.0000;Exposure;0.0000;2026-05-20 13:38:52.2986;Hands;NULL;NULL;OpenXR
NULL;Right;NULL;NULL;Exposure;NULL;OppositeHandTrigger;3;2;0;1;0;0;-0.5000;0.0000;2.0000;NULL;Skew;anonymous;NULL;Mole Spawned;MoleEvent;Participant;8167;1957d216-dffe-4a04-a2b4-c6692a89861b;NULL;-0.0128;0.0137;-0.0635;8.2744;8.2340;1.6988;NULL;NULL;NULL;NULL;NULL;NULL;NULL;NULL;NULL;0.0280;-0.6334;0.2700;14.4412;25.0318;334.6358;0.0315;-0.6295;0.2573;12.8643;27.7786;334.0447;1;NULL;-0.0582;-0.6335;0.1907;8.6659;7.5876;80.9442;Palm;NULL;NULL;NULL;NULL;3;2;0;1;0;0;-0.5000;0.0000;2.0000;0.0205;-1.8919;0.0003;0.0000;8.9140;0.0000;0.0000;0.0000;0.0000;0.0000;0.0000;0.0000;0;NULL;0.1832;-0.0916;0.4661;335.1654;353.8701;340.7073;Palm;NULL;46969c4b-2c36-421c-b922-129be17abb0a;NULL;NULL;2;Embodied;1;Skew;OpenLoop;8;LineBisectionFirst;NULL;2;NULL;-0.5000;0.0000;2.0000;Exposure;0.0000;2026-05-20 13:38:52.3002;Hands;NULL;NULL;OpenXR
NULL;Right;NULL;55;Exposure;NULL;OppositeHandTrigger;3;2;0;1;0;0;-0.5000;0.0000;2.0000;NULL;Skew;anonymous;NULL;Pointer Shoot;PointerEvent;Participant;8272;1957d216-dffe-4a04-a2b4-c6692a89861b;NULL;-0.0110;0.0152;-0.0696;7.8816;6.9671;0.7933;NULL;-0.3556;0.0845;2.0000;-0.3556;0.0845;2.0000;NULL;NULL;0.0286;-0.6342;0.2698;15.1867;23.5660;333.6931;0.0268;-0.6304;0.2591;13.8097;25.7100;333.6268;1;NULL;-0.0568;-0.6299;0.1854;9.6731;7.0061;83.4370;Palm;NULL;NULL;NULL;NULL;3;2;0;1;0;0;-0.5000;0.0000;2.0000;0.0205;-1.8919;0.0003;0.0000;8.9140;0.0000;0.0000;0.0000;0.0000;0.0000;0.0000;0.0000;0;NULL;0.0445;-0.0646;0.4586;333.1344;343.7245;339.3791;Palm;NULL;46969c4b-2c36-421c-b922-129be17abb0a;NULL;NULL;2;Embodied;1;Skew;OpenLoop;8;LineBisectionFirst;22;2;NULL;-0.5000;0.0000;2.0000;Exposure;0.8748;2026-05-20 13:38:53.1722;Hands;NULL;NULL;OpenXR
NULL;Right;NULL;55;Exposure;NULL;OppositeHandTrigger;3;2;0;1;0;0;-0.5000;0.0000;2.0000;NULL;Skew;anonymous;NULL;Mole Missed;PointerEvent;Participant;8272;1957d216-dffe-4a04-a2b4-c6692a89861b;NULL;-0.0110;0.0152;-0.0696;7.8816;6.9671;0.7933;0.1673;-0.3556;0.0845;2.0000;-0.3556;0.0845;2.0000;NULL;0;0.0286;-0.6342;0.2698;15.1867;23.5660;333.6931;0.0268;-0.6304;0.2591;13.8097;25.7100;333.6268;1;NULL;-0.0568;-0.6299;0.1854;9.6731;7.0061;83.4370;Palm;NULL;NULL;NULL;NULL;3;2;0;1;0;0;-0.5000;0.0000;2.0000;0.0205;-1.8919;0.0003;0.0000;8.9140;0.0000;0.0000;0.0000;0.0000;0.0000;0.0000;0.0000;0;NULL;0.0445;-0.0646;0.4586;333.1344;343.7245;339.3791;Palm;NULL;46969c4b-2c36-421c-b922-129be17abb0a;NULL;NULL;2;Embodied;1;Skew;OpenLoop;8;LineBisectionFirst;22;2;NULL;-0.5000;0.0000;2.0000;Exposure;0.0000;2026-05-20 13:38:53.1732;Hands;NULL;NULL;OpenXR
NULL;Right;NULL;NULL;Exposure;NULL;OppositeHandTrigger;1;0;0;-1;0;0;0.0000;0.0000;2.0000;NULL;Skew;anonymous;NULL;Mole Spawned;MoleEvent;Participant;8272;1957d216-dffe-4a04-a2b4-c6692a89861b;NULL;-0.0110;0.0152;-0.0696;7.8816;6.9671;0.7933;NULL;NULL;NULL;NULL;NULL;NULL;NULL;NULL;NULL;0.0286;-0.6342;0.2698;15.1867;23.5660;333.6931;0.0268;-0.6304;0.2591;13.8097;25.7100;333.6268;1;NULL;-0.0568;-0.6299;0.1854;9.6731;7.0061;83.4370;Palm;NULL;NULL;NULL;NULL;1;0;0;-1;0;0;0.0000;0.0000;2.0000;0.0205;-1.8919;0.0003;0.0000;8.9140;0.0000;0.0000;0.0000;0.0000;0.0000;0.0000;0.0000;0;NULL;0.0445;-0.0646;0.4586;333.1344;343.7245;339.3791;Palm;NULL;46969c4b-2c36-421c-b922-129be17abb0a;NULL;NULL;2;Embodied;1;Skew;OpenLoop;8;LineBisectionFirst;NULL;0;NULL;0.0000;0.0000;2.0000;Exposure;0.0000;2026-05-20 13:38:53.1747;Hands;NULL;NULL;OpenXR
NULL;Right;NULL;56;Exposure;NULL;OppositeHandTrigger;1;0;0;-1;0;0;0.0000;0.0000;2.0000;NULL;Skew;anonymous;NULL;Pointer Shoot;PointerEvent;Participant;8334;1957d216-dffe-4a04-a2b4-c6692a89861b;NULL;-0.0138;0.0147;-0.0674;8.0439;7.9828;1.5610;NULL;0.0121;-0.0093;2.0000;0.0121;-0.0093;2.0000;NULL;NULL;0.0288;-0.6337;0.2692;14.5284;24.5368;333.9154;0.0316;-0.6288;0.2573;13.0634;26.9362;333.3575;1;NULL;-0.0543;-0.6300;0.1856;11.0591;11.2838;89.1803;Palm;NULL;NULL;NULL;NULL;1;0;0;-1;0;0;0.0000;0.0000;2.0000;0.0205;-1.8919;0.0003;0.0000;8.9140;0.0000;0.0000;0.0000;0.0000;0.0000;0.0000;0.0000;0;NULL;0.1774;-0.0862;0.4605;335.9956;355.1502;335.8772;Palm;NULL;46969c4b-2c36-421c-b922-129be17abb0a;NULL;NULL;2;Embodied;1;Skew;OpenLoop;8;LineBisectionFirst;22;0;NULL;0.0000;0.0000;2.0000;Exposure;0.5165;2026-05-20 13:38:53.6880;Hands;NULL;NULL;OpenXR
NULL;Right;NULL;56;Exposure;NULL;OppositeHandTrigger;1;0;0;-1;0;0;0.0000;0.0000;2.0000;NULL;Skew;anonymous;NULL;Mole Hit;MoleEvent;Participant;8334;1957d216-dffe-4a04-a2b4-c6692a89861b;NULL;-0.0138;0.0147;-0.0674;8.0439;7.9828;1.5610;0.0153;0.0121;-0.0093;2.0000;0.0121;-0.0093;2.0000;NULL;1;0.0288;-0.6337;0.2692;14.5284;24.5368;333.9154;0.0316;-0.6288;0.2573;13.0634;26.9362;333.3575;1;NULL;-0.0543;-0.6300;0.1856;11.0591;11.2838;89.1803;Palm;NULL;NULL;NULL;NULL;1;0;0;-1;0;0;0.0000;0.0000;2.0000;0.0205;-1.8919;0.0003;0.0000;8.9140;0.0000;0.0000;0.0000;0.0000;0.0000;0.0000;0.0000;0;NULL;0.1774;-0.0862;0.4605;335.9956;355.1502;335.8772;Palm;NULL;46969c4b-2c36-421c-b922-129be17abb0a;NULL;NULL;2;Embodied;1;Skew;OpenLoop;8;LineBisectionFirst;22;0;NULL;0.0000;0.0000;2.0000;Exposure;0.0000;2026-05-20 13:38:53.6895;Hands;NULL;NULL;OpenXR
NULL;Right;NULL;NULL;Exposure;NULL;OppositeHandTrigger;3;2;0;1;0;0;-0.5000;0.0000;2.0000;NULL;Skew;anonymous;NULL;Mole Spawned;MoleEvent;Participant;8334;1957d216-dffe-4a04-a2b4-c6692a89861b;NULL;-0.0138;0.0147;-0.0674;8.0439;7.9828;1.5610;NULL;NULL;NULL;NULL;NULL;NULL;NULL;NULL;NULL;0.0288;-0.6337;0.2692;14.5284;24.5368;333.9154;0.0316;-0.6288;0.2573;13.0634;26.9362;333.3575;1;NULL;-0.0543;-0.6300;0.1856;11.0591;11.2838;89.1803;Palm;NULL;NULL;NULL;NULL;3;2;0;1;0;0;-0.5000;0.0000;2.0000;0.0205;-1.8919;0.0003;0.0000;8.9140;0.0000;0.0000;0.0000;0.0000;0.0000;0.0000;0.0000;0;NULL;0.1774;-0.0862;0.4605;335.9956;355.1502;335.8772;Palm;NULL;46969c4b-2c36-421c-b922-129be17abb0a;NULL;NULL;2;Embodied;1;Skew;OpenLoop;8;LineBisectionFirst;NULL;2;NULL;-0.5000;0.0000;2.0000;Exposure;0.0000;2026-05-20 13:38:53.6915;Hands;NULL;NULL;OpenXR
NULL;Right;NULL;57;Exposure;NULL;OppositeHandTrigger;3;2;0;1;0;0;-0.5000;0.0000;2.0000;NULL;Skew;anonymous;NULL;Pointer Shoot;PointerEvent;Participant;8415;1957d216-dffe-4a04-a2b4-c6692a89861b;NULL;-0.0121;0.0143;-0.0674;8.1634;7.0510;0.6877;NULL;-0.3631;-0.0264;2.0000;-0.3631;-0.0264;2.0000;NULL;NULL;0.0288;-0.6335;0.2695;14.9171;23.7698;333.8483;0.0273;-0.6293;0.2586;13.6240;26.5685;334.0060;1;NULL;-0.0564;-0.6315;0.1866;8.6072;11.6427;87.0009;Palm;NULL;NULL;NULL;NULL;3;2;0;1;0;0;-0.5000;0.0000;2.0000;0.0205;-1.8919;0.0003;0.0000;8.9140;0.0000;0.0000;0.0000;0.0000;0.0000;0.0000;0.0000;0;NULL;0.0410;-0.0815;0.4671;335.4714;343.7578;336.6034;Palm;NULL;46969c4b-2c36-421c-b922-129be17abb0a;NULL;NULL;2;Embodied;1;Skew;OpenLoop;8;LineBisectionFirst;23;2;NULL;-0.5000;0.0000;2.0000;Exposure;0.6749;2026-05-20 13:38:54.3639;Hands;NULL;NULL;OpenXR
NULL;Right;NULL;57;Exposure;NULL;OppositeHandTrigger;3;2;0;1;0;0;-0.5000;0.0000;2.0000;NULL;Skew;anonymous;NULL;Mole Missed;PointerEvent;Participant;8415;1957d216-dffe-4a04-a2b4-c6692a89861b;NULL;-0.0121;0.0143;-0.0674;8.1634;7.0510;0.6877;0.1395;-0.3631;-0.0264;2.0000;-0.3631;-0.0264;2.0000;NULL;0;0.0288;-0.6335;0.2695;14.9171;23.7698;333.8483;0.0273;-0.6293;0.2586;13.6240;26.5685;334.0060;1;NULL;-0.0564;-0.6315;0.1866;8.6072;11.6427;87.0009;Palm;NULL;NULL;NULL;NULL;3;2;0;1;0;0;-0.5000;0.0000;2.0000;0.0205;-1.8919;0.0003;0.0000;8.9140;0.0000;0.0000;0.0000;0.0000;0.0000;0.0000;0.0000;0;NULL;0.0410;-0.0815;0.4671;335.4714;343.7578;336.6034;Palm;NULL;46969c4b-2c36-421c-b922-129be17abb0a;NULL;NULL;2;Embodied;1;Skew;OpenLoop;8;LineBisectionFirst;23;2;NULL;-0.5000;0.0000;2.0000;Exposure;0.0000;2026-05-20 13:38:54.3644;Hands;NULL;NULL;OpenXR
NULL;Right;NULL;NULL;Exposure;NULL;OppositeHandTrigger;2;1;0;0;0;0;0.5000;0.0000;2.0000;NULL;Skew;anonymous;NULL;Mole Spawned;MoleEvent;Participant;8415;1957d216-dffe-4a04-a2b4-c6692a89861b;NULL;-0.0121;0.0143;-0.0674;8.1634;7.0510;0.6877;NULL;NULL;NULL;NULL;NULL;NULL;NULL;NULL;NULL;0.0288;-0.6335;0.2695;14.9171;23.7698;333.8483;0.0273;-0.6293;0.2586;13.6240;26.5685;334.0060;1;NULL;-0.0564;-0.6315;0.1866;8.6072;11.6427;87.0009;Palm;NULL;NULL;NULL;NULL;2;1;0;0;0;0;0.5000;0.0000;2.0000;0.0205;-1.8919;0.0003;0.0000;8.9140;0.0000;0.0000;0.0000;0.0000;0.0000;0.0000;0.0000;0;NULL;0.0410;-0.0815;0.4671;335.4714;343.7578;336.6034;Palm;NULL;46969c4b-2c36-421c-b922-129be17abb0a;NULL;NULL;2;Embodied;1;Skew;OpenLoop;8;LineBisectionFirst;NULL;1;NULL;0.5000;0.0000;2.0000;Exposure;0.0000;2026-05-20 13:38:54.3659;Hands;NULL;NULL;OpenXR
NULL;Right;NULL;58;Exposure;NULL;OppositeHandTrigger;2;1;0;0;0;0;0.5000;0.0000;2.0000;NULL;Skew;anonymous;NULL;Pointer Shoot;PointerEvent;Participant;8495;1957d216-dffe-4a04-a2b4-c6692a89861b;NULL;-0.0104;0.0132;-0.0616;8.7568;8.9086;1.4663;NULL;0.3391;-0.0678;2.0000;0.3391;-0.0678;2.0000;NULL;NULL;0.0289;-0.6336;0.2694;14.8240;24.0052;333.5982;0.0309;-0.6308;0.2603;14.3754;26.0203;333.7544;1;NULL;-0.0573;-0.6357;0.1892;8.6005;9.6838;82.2507;Palm;NULL;NULL;NULL;NULL;2;1;0;0;0;0;0.5000;0.0000;2.0000;0.0205;-1.8919;0.0003;0.0000;8.9140;0.0000;0.0000;0.0000;0.0000;0.0000;0.0000;0.0000;0;NULL;0.2766;-0.0907;0.4521;334.4155;3.2278;343.6016;Palm;NULL;46969c4b-2c36-421c-b922-129be17abb0a;NULL;NULL;2;Embodied;1;Skew;OpenLoop;8;LineBisectionFirst;23;1;NULL;0.5000;0.0000;2.0000;Exposure;0.6743;2026-05-20 13:38:55.0369;Hands;NULL;NULL;OpenXR
NULL;Right;NULL;58;Exposure;NULL;OppositeHandTrigger;2;1;0;0;0;0;0.5000;0.0000;2.0000;NULL;Skew;anonymous;NULL;Mole Missed;PointerEvent;Participant;8495;1957d216-dffe-4a04-a2b4-c6692a89861b;NULL;-0.0104;0.0132;-0.0616;8.7568;8.9086;1.4663;0.1746;0.3391;-0.0678;2.0000;0.3391;-0.0678;2.0000;NULL;0;0.0289;-0.6336;0.2694;14.8240;24.0052;333.5982;0.0309;-0.6308;0.2603;14.3754;26.0203;333.7544;1;NULL;-0.0573;-0.6357;0.1892;8.6005;9.6838;82.2507;Palm;NULL;NULL;NULL;NULL;2;1;0;0;0;0;0.5000;0.0000;2.0000;0.0205;-1.8919;0.0003;0.0000;8.9140;0.0000;0.0000;0.0000;0.0000;0.0000;0.0000;0.0000;0;NULL;0.2766;-0.0907;0.4521;334.4155;3.2278;343.6016;Palm;NULL;46969c4b-2c36-421c-b922-129be17abb0a;NULL;NULL;2;Embodied;1;Skew;OpenLoop;8;LineBisectionFirst;23;1;NULL;0.5000;0.0000;2.0000;Exposure;0.0000;2026-05-20 13:38:55.0385;Hands;NULL;NULL;OpenXR
NULL;Right;NULL;NULL;Exposure;NULL;OppositeHandTrigger;3;2;0;1;0;0;-0.5000;0.0000;2.0000;NULL;Skew;anonymous;NULL;Mole Spawned;MoleEvent;Participant;8495;1957d216-dffe-4a04-a2b4-c6692a89861b;NULL;-0.0104;0.0132;-0.0616;8.7568;8.9086;1.4663;NULL;NULL;NULL;NULL;NULL;NULL;NULL;NULL;NULL;0.0289;-0.6336;0.2694;14.8240;24.0052;333.5982;0.0309;-0.6308;0.2603;14.3754;26.0203;333.7544;1;NULL;-0.0573;-0.6357;0.1892;8.6005;9.6838;82.2507;Palm;NULL;NULL;NULL;NULL;3;2;0;1;0;0;-0.5000;0.0000;2.0000;0.0205;-1.8919;0.0003;0.0000;8.9140;0.0000;0.0000;0.0000;0.0000;0.0000;0.0000;0.0000;0;NULL;0.2766;-0.0907;0.4521;334.4155;3.2278;343.6016;Palm;NULL;46969c4b-2c36-421c-b922-129be17abb0a;NULL;NULL;2;Embodied;1;Skew;OpenLoop;8;LineBisectionFirst;NULL;2;NULL;-0.5000;0.0000;2.0000;Exposure;0.0000;2026-05-20 13:38:55.0410;Hands;NULL;NULL;OpenXR
NULL;Right;NULL;59;Exposure;NULL;OppositeHandTrigger;3;2;0;1;0;0;-0.5000;0.0000;2.0000;NULL;Skew;anonymous;NULL;Pointer Shoot;PointerEvent;Participant;8594;1957d216-dffe-4a04-a2b4-c6692a89861b;NULL;-0.0170;0.0141;-0.0648;8.2932;6.4159;0.9074;NULL;-0.5513;-0.0421;2.0000;-0.5513;-0.0421;2.0000;NULL;NULL;0.0287;-0.6340;0.2699;15.2883;23.1845;333.4026;0.0258;-0.6318;0.2608;14.6128;25.0921;333.6012;1;NULL;-0.0596;-0.6364;0.1910;8.2758;8.0052;80.4560;Palm;NULL;NULL;NULL;NULL;3;2;0;1;0;0;-0.5000;0.0000;2.0000;0.0205;-1.8919;0.0003;0.0000;8.9140;0.0000;0.0000;0.0000;0.0000;0.0000;0.0000;0.0000;0;NULL;-0.0035;-0.0810;0.4578;335.9932;338.7894;337.7176;Palm;NULL;46969c4b-2c36-421c-b922-129be17abb0a;NULL;NULL;2;Embodied;1;Skew;OpenLoop;8;LineBisectionFirst;23;2;NULL;-0.5000;0.0000;2.0000;Exposure;0.8249;2026-05-20 13:38:55.8623;Hands;NULL;NULL;OpenXR
NULL;Right;NULL;59;Exposure;NULL;OppositeHandTrigger;3;2;0;1;0;0;-0.5000;0.0000;2.0000;NULL;Skew;anonymous;NULL;Mole Hit;MoleEvent;Participant;8594;1957d216-dffe-4a04-a2b4-c6692a89861b;NULL;-0.0170;0.0141;-0.0648;8.2932;6.4159;0.9074;0.0663;-0.5513;-0.0421;2.0000;-0.5513;-0.0421;2.0000;NULL;1;0.0287;-0.6340;0.2699;15.2883;23.1845;333.4026;0.0258;-0.6318;0.2608;14.6128;25.0921;333.6012;1;NULL;-0.0596;-0.6364;0.1910;8.2758;8.0052;80.4560;Palm;NULL;NULL;NULL;NULL;3;2;0;1;0;0;-0.5000;0.0000;2.0000;0.0205;-1.8919;0.0003;0.0000;8.9140;0.0000;0.0000;0.0000;0.0000;0.0000;0.0000;0.0000;0;NULL;-0.0035;-0.0810;0.4578;335.9932;338.7894;337.7176;Palm;NULL;46969c4b-2c36-421c-b922-129be17abb0a;NULL;NULL;2;Embodied;1;Skew;OpenLoop;8;LineBisectionFirst;23;2;NULL;-0.5000;0.0000;2.0000;Exposure;0.0000;2026-05-20 13:38:55.8638;Hands;NULL;NULL;OpenXR
NULL;Right;NULL;NULL;Exposure;NULL;OppositeHandTrigger;1;0;0;-1;0;0;0.0000;0.0000;2.0000;NULL;Skew;anonymous;NULL;Mole Spawned;MoleEvent;Participant;8594;1957d216-dffe-4a04-a2b4-c6692a89861b;NULL;-0.0170;0.0141;-0.0648;8.2932;6.4159;0.9074;NULL;NULL;NULL;NULL;NULL;NULL;NULL;NULL;NULL;0.0287;-0.6340;0.2699;15.2883;23.1845;333.4026;0.0258;-0.6318;0.2608;14.6128;25.0921;333.6012;1;NULL;-0.0596;-0.6364;0.1910;8.2758;8.0052;80.4560;Palm;NULL;NULL;NULL;NULL;1;0;0;-1;0;0;0.0000;0.0000;2.0000;0.0205;-1.8919;0.0003;0.0000;8.9140;0.0000;0.0000;0.0000;0.0000;0.0000;0.0000;0.0000;0;NULL;-0.0035;-0.0810;0.4578;335.9932;338.7894;337.7176;Palm;NULL;46969c4b-2c36-421c-b922-129be17abb0a;NULL;NULL;2;Embodied;1;Skew;OpenLoop;8;LineBisectionFirst;NULL;0;NULL;0.0000;0.0000;2.0000;Exposure;0.0000;2026-05-20 13:38:55.8653;Hands;NULL;NULL;OpenXR
NULL;Right;NULL;60;Exposure;NULL;OppositeHandTrigger;1;0;0;-1;0;0;0.0000;0.0000;2.0000;NULL;Skew;anonymous;NULL;Pointer Shoot;PointerEvent;Participant;8653;1957d216-dffe-4a04-a2b4-c6692a89861b;NULL;-0.0153;0.0142;-0.0660;8.2661;7.9248;1.5921;NULL;-0.2132;-0.0466;2.0000;-0.2132;-0.0466;2.0000;NULL;NULL;0.0289;-0.6340;0.2695;14.8062;24.1790;333.4720;0.0318;-0.6309;0.2581;13.7655;26.9126;333.1944;1;NULL;-0.0570;-0.6329;0.1902;7.9699;7.9802;81.4684;Palm;NULL;NULL;NULL;NULL;1;0;0;-1;0;0;0.0000;0.0000;2.0000;0.0205;-1.8919;0.0003;0.0000;8.9140;0.0000;0.0000;0.0000;0.0000;0.0000;0.0000;0.0000;0;NULL;0.1423;-0.0791;0.4639;335.7264;349.8825;338.7839;Palm;NULL;46969c4b-2c36-421c-b922-129be17abb0a;NULL;NULL;2;Embodied;1;Skew;OpenLoop;8;LineBisectionFirst;24;0;NULL;0.0000;0.0000;2.0000;Exposure;0.4916;2026-05-20 13:38:56.3546;Hands;NULL;NULL;OpenXR
NULL;Right;NULL;60;Exposure;NULL;OppositeHandTrigger;1;0;0;-1;0;0;0.0000;0.0000;2.0000;NULL;Skew;anonymous;NULL;Mole Missed;PointerEvent;Participant;8653;1957d216-dffe-4a04-a2b4-c6692a89861b;NULL;-0.0153;0.0142;-0.0660;8.2661;7.9248;1.5921;0.2182;-0.2132;-0.0466;2.0000;-0.2132;-0.0466;2.0000;NULL;0;0.0289;-0.6340;0.2695;14.8062;24.1790;333.4720;0.0318;-0.6309;0.2581;13.7655;26.9126;333.1944;1;NULL;-0.0570;-0.6329;0.1902;7.9699;7.9802;81.4684;Palm;NULL;NULL;NULL;NULL;1;0;0;-1;0;0;0.0000;0.0000;2.0000;0.0205;-1.8919;0.0003;0.0000;8.9140;0.0000;0.0000;0.0000;0.0000;0.0000;0.0000;0.0000;0;NULL;0.1423;-0.0791;0.4639;335.7264;349.8825;338.7839;Palm;NULL;46969c4b-2c36-421c-b922-129be17abb0a;NULL;NULL;2;Embodied;1;Skew;OpenLoop;8;LineBisectionFirst;24;0;NULL;0.0000;0.0000;2.0000;Exposure;0.0000;2026-05-20 13:38:56.3551;Hands;NULL;NULL;OpenXR
NULL;Right;NULL;60;Exposure;NULL;OppositeHandTrigger;NULL;NULL;NULL;NULL;NULL;NULL;NULL;NULL;NULL;NULL;Skew;anonymous;NULL;Exposure Completed;BlockEvent;Participant;8653;1957d216-dffe-4a04-a2b4-c6692a89861b;NULL;-0.0153;0.0142;-0.0660;8.2661;7.9248;1.5921;NULL;NULL;NULL;NULL;NULL;NULL;NULL;NULL;NULL;0.0289;-0.6340;0.2695;14.8062;24.1790;333.4720;0.0318;-0.6309;0.2581;13.7655;26.9126;333.1944;1;NULL;-0.0570;-0.6329;0.1902;7.9699;7.9802;81.4684;Palm;NULL;NULL;NULL;NULL;NULL;NULL;NULL;NULL;NULL;NULL;NULL;NULL;NULL;0.0205;-1.8919;0.0003;0.0000;8.9140;0.0000;0.0000;0.0000;0.0000;0.0000;0.0000;0.0000;0;NULL;0.1423;-0.0791;0.4639;335.7264;349.8825;338.7839;Palm;NULL;46969c4b-2c36-421c-b922-129be17abb0a;NULL;NULL;2;Embodied;1;Skew;OpenLoop;8;LineBisectionFirst;24;NULL;NULL;NULL;NULL;NULL;Exposure;0.0000;2026-05-20 13:38:56.3567;Hands;NULL;NULL;OpenXR
NULL;Right;NULL;NULL;Post;NULL;OppositeHandTrigger;NULL;NULL;NULL;NULL;NULL;NULL;NULL;NULL;NULL;NULL;None;anonymous;NULL;Block Started;BlockEvent;Participant;8893;1957d216-dffe-4a04-a2b4-c6692a89861b;NULL;0.0022;0.0099;-0.0341;5.2007;3.5298;3.0968;NULL;NULL;NULL;NULL;NULL;NULL;NULL;NULL;NULL;0.0316;-0.6351;0.2692;15.5657;23.0137;331.5436;0.0312;-0.6349;0.2621;15.8167;22.9870;330.9812;0;NULL;-0.0510;-0.6326;0.1867;12.9302;12.6495;88.7792;Palm;NULL;NULL;NULL;NULL;NULL;NULL;NULL;NULL;NULL;NULL;NULL;NULL;NULL;0.0205;-1.8919;0.0003;0.0000;8.9140;0.0000;0.0000;0.0000;0.0000;0.0000;0.0000;0.0000;0;NULL;0.1166;-0.6647;0.1905;4.9963;347.9646;331.4128;Palm;NULL;46969c4b-2c36-421c-b922-129be17abb0a;NULL;NULL;2;Embodied;1;Skew;OpenLoop;8;LineBisectionFirst;NULL;NULL;NULL;NULL;NULL;NULL;OpenLoop;2.0081;2026-05-20 13:38:58.3718;Hands;NULL;NULL;OpenXR
NULL;Right;NULL;NULL;Post;NULL;OppositeHandTrigger;NULL;NULL;NULL;NULL;NULL;NULL;NULL;NULL;NULL;NULL;None;anonymous;NULL;Trial Started;TaskEvent;Participant;8893;1957d216-dffe-4a04-a2b4-c6692a89861b;NULL;0.0022;0.0099;-0.0341;5.2007;3.5298;3.0968;NULL;NULL;NULL;NULL;NULL;NULL;NULL;NULL;NULL;0.0316;-0.6351;0.2692;15.5657;23.0137;331.5436;0.0312;-0.6349;0.2621;15.8167;22.9870;330.9812;0;NULL;-0.0510;-0.6326;0.1867;12.9302;12.6495;88.7792;Palm;NULL;NULL;NULL;NULL;NULL;NULL;NULL;NULL;NULL;NULL;NULL;NULL;NULL;0.0205;-1.8919;0.0003;0.0000;8.9140;0.0000;0.0000;0.0000;0.0000;0.0000;0.0000;0.0000;0;NULL;0.1166;-0.6647;0.1905;4.9963;347.9646;331.4128;Palm;NULL;46969c4b-2c36-421c-b922-129be17abb0a;NULL;NULL;2;Embodied;1;Skew;OpenLoop;8;LineBisectionFirst;NULL;NULL;0.0300;0.0000;0.0000;2.0000;OpenLoop;0.0000;2026-05-20 13:38:58.3733;Hands;1;10;OpenXR
NULL;Right;NULL;NULL;Post;NULL;OppositeHandTrigger;NULL;NULL;NULL;NULL;NULL;NULL;NULL;NULL;NULL;NULL;None;anonymous;NULL;Trial Accepted;TaskEvent;Participant;9112;1957d216-dffe-4a04-a2b4-c6692a89861b;NULL;-0.0034;0.0155;-0.0486;5.7749;1.9431;2.6061;NULL;NULL;NULL;NULL;-0.0744;0.0000;2.0000;NULL;NULL;0.0265;-0.6344;0.2723;15.8096;21.5394;333.7704;0.0256;-0.6320;0.2635;15.1412;23.5945;333.8290;1;NULL;-0.0595;-0.6349;0.1881;12.1953;5.7552;84.0801;Palm;NULL;NULL;NULL;NULL;NULL;NULL;NULL;NULL;NULL;NULL;NULL;NULL;NULL;0.0205;-1.8919;0.0003;0.0000;8.9140;0.0000;0.0000;0.0000;0.0000;0.0000;0.0000;0.0000;0;NULL;0.0615;-0.1448;0.4924;334.5245;355.0143;342.4403;Palm;NULL;46969c4b-2c36-421c-b922-129be17abb0a;-7.4404;NULL;2;Embodied;1;Skew;OpenLoop;8;LineBisectionFirst;NULL;NULL;NULL;NULL;NULL;NULL;OpenLoop;1.8413;2026-05-20 13:39:00.2039;Hands;1;10;OpenXR
NULL;Right;NULL;NULL;Post;NULL;OppositeHandTrigger;NULL;NULL;NULL;NULL;NULL;NULL;NULL;NULL;NULL;NULL;None;anonymous;NULL;Trial Started;TaskEvent;Participant;9112;1957d216-dffe-4a04-a2b4-c6692a89861b;NULL;-0.0034;0.0155;-0.0486;5.7749;1.9431;2.6061;NULL;NULL;NULL;NULL;NULL;NULL;NULL;NULL;NULL;0.0265;-0.6344;0.2723;15.8096;21.5394;333.7704;0.0256;-0.6320;0.2635;15.1412;23.5945;333.8290;1;NULL;-0.0595;-0.6349;0.1881;12.1953;5.7552;84.0801;Palm;NULL;NULL;NULL;NULL;NULL;NULL;NULL;NULL;NULL;NULL;NULL;NULL;NULL;0.0205;-1.8919;0.0003;0.0000;8.9140;0.0000;0.0000;0.0000;0.0000;0.0000;0.0000;0.0000;0;NULL;0.0615;-0.1448;0.4924;334.5245;355.0143;342.4403;Palm;NULL;46969c4b-2c36-421c-b922-129be17abb0a;NULL;NULL;2;Embodied;1;Skew;OpenLoop;8;LineBisectionFirst;NULL;NULL;0.0300;0.0000;0.0000;2.0000;OpenLoop;0.0000;2026-05-20 13:39:00.2039;Hands;2;10;OpenXR
NULL;Right;NULL;NULL;Post;NULL;OppositeHandTrigger;NULL;NULL;NULL;NULL;NULL;NULL;NULL;NULL;NULL;NULL;None;anonymous;NULL;Trial Accepted;TaskEvent;Participant;9393;1957d216-dffe-4a04-a2b4-c6692a89861b;NULL;-0.0104;0.0178;-0.0544;5.0110;1.6228;2.3888;NULL;NULL;NULL;NULL;-0.1284;0.0000;2.0000;NULL;NULL;0.0275;-0.6364;0.2719;15.9070;22.7631;332.7826;0.0284;-0.6332;0.2606;14.4850;25.1501;332.6218;1;NULL;-0.0577;-0.6326;0.1900;8.2872;7.9688;81.3801;Palm;NULL;NULL;NULL;NULL;NULL;NULL;NULL;NULL;NULL;NULL;NULL;NULL;NULL;0.0205;-1.8919;0.0003;0.0000;8.9140;0.0000;0.0000;0.0000;0.0000;0.0000;0.0000;0.0000;0;NULL;0.0836;-0.1333;0.5021;333.4505;353.9895;337.7419;Palm;NULL;46969c4b-2c36-421c-b922-129be17abb0a;-12.8369;NULL;2;Embodied;1;Skew;OpenLoop;8;LineBisectionFirst;NULL;NULL;NULL;NULL;NULL;NULL;OpenLoop;2.3491;2026-05-20 13:39:02.5526;Hands;2;10;OpenXR
NULL;Right;NULL;NULL;Post;NULL;OppositeHandTrigger;NULL;NULL;NULL;NULL;NULL;NULL;NULL;NULL;NULL;NULL;None;anonymous;NULL;Trial Started;TaskEvent;Participant;9393;1957d216-dffe-4a04-a2b4-c6692a89861b;NULL;-0.0104;0.0178;-0.0544;5.0110;1.6228;2.3888;NULL;NULL;NULL;NULL;NULL;NULL;NULL;NULL;NULL;0.0275;-0.6364;0.2719;15.9070;22.7631;332.7826;0.0284;-0.6332;0.2606;14.4850;25.1501;332.6218;1;NULL;-0.0577;-0.6326;0.1900;8.2872;7.9688;81.3801;Palm;NULL;NULL;NULL;NULL;NULL;NULL;NULL;NULL;NULL;NULL;NULL;NULL;NULL;0.0205;-1.8919;0.0003;0.0000;8.9140;0.0000;0.0000;0.0000;0.0000;0.0000;0.0000;0.0000;0;NULL;0.0836;-0.1333;0.5021;333.4505;353.9895;337.7419;Palm;NULL;46969c4b-2c36-421c-b922-129be17abb0a;NULL;NULL;2;Embodied;1;Skew;OpenLoop;8;LineBisectionFirst;NULL;NULL;0.0300;0.0000;0.0000;2.0000;OpenLoop;0.0000;2026-05-20 13:39:02.5541;Hands;3;10;OpenXR
NULL;Right;NULL;NULL;Post;NULL;OppositeHandTrigger;NULL;NULL;NULL;NULL;NULL;NULL;NULL;NULL;NULL;NULL;None;anonymous;NULL;Trial Accepted;TaskEvent;Participant;9681;1957d216-dffe-4a04-a2b4-c6692a89861b;NULL;-0.0092;0.0177;-0.0491;4.9107;2.0949;2.8788;NULL;NULL;NULL;NULL;-0.0691;0.0000;2.0000;NULL;NULL;0.0298;-0.6376;0.2707;15.9139;23.7675;332.5627;0.0304;-0.6317;0.2585;14.3327;26.7969;333.2245;1;NULL;-0.0537;-0.6296;0.1859;12.1849;12.3153;92.4776;Palm;NULL;NULL;NULL;NULL;NULL;NULL;NULL;NULL;NULL;NULL;NULL;NULL;NULL;0.0205;-1.8919;0.0003;0.0000;8.9140;0.0000;0.0000;0.0000;0.0000;0.0000;0.0000;0.0000;0;NULL;0.0776;-0.1505;0.5049;334.0933;354.3519;340.2110;Palm;NULL;46969c4b-2c36-421c-b922-129be17abb0a;-6.9104;NULL;2;Embodied;1;Skew;OpenLoop;8;LineBisectionFirst;NULL;NULL;NULL;NULL;NULL;NULL;OpenLoop;2.3994;2026-05-20 13:39:04.9523;Hands;3;10;OpenXR
NULL;Right;NULL;NULL;Post;NULL;OppositeHandTrigger;NULL;NULL;NULL;NULL;NULL;NULL;NULL;NULL;NULL;NULL;None;anonymous;NULL;Trial Started;TaskEvent;Participant;9681;1957d216-dffe-4a04-a2b4-c6692a89861b;NULL;-0.0092;0.0177;-0.0491;4.9107;2.0949;2.8788;NULL;NULL;NULL;NULL;NULL;NULL;NULL;NULL;NULL;0.0298;-0.6376;0.2707;15.9139;23.7675;332.5627;0.0304;-0.6317;0.2585;14.3327;26.7969;333.2245;1;NULL;-0.0537;-0.6296;0.1859;12.1849;12.3153;92.4776;Palm;NULL;NULL;NULL;NULL;NULL;NULL;NULL;NULL;NULL;NULL;NULL;NULL;NULL;0.0205;-1.8919;0.0003;0.0000;8.9140;0.0000;0.0000;0.0000;0.0000;0.0000;0.0000;0.0000;0;NULL;0.0776;-0.1505;0.5049;334.0933;354.3519;340.2110;Palm;NULL;46969c4b-2c36-421c-b922-129be17abb0a;NULL;NULL;2;Embodied;1;Skew;OpenLoop;8;LineBisectionFirst;NULL;NULL;0.0300;0.0000;0.0000;2.0000;OpenLoop;0.0000;2026-05-20 13:39:04.9538;Hands;4;10;OpenXR
NULL;Right;NULL;NULL;Post;NULL;OppositeHandTrigger;NULL;NULL;NULL;NULL;NULL;NULL;NULL;NULL;NULL;NULL;None;anonymous;NULL;Trial Accepted;TaskEvent;Participant;9999;1957d216-dffe-4a04-a2b4-c6692a89861b;NULL;-0.0142;0.0179;-0.0459;4.8634;1.6565;3.4626;NULL;NULL;NULL;NULL;-0.0854;0.0000;2.0000;NULL;NULL;0.0289;-0.6366;0.2713;15.9059;23.5009;333.1235;0.0290;-0.6312;0.2599;14.0550;26.3958;333.6172;1;NULL;-0.0575;-0.6345;0.1908;9.0875;8.8310;82.0275;Palm;NULL;NULL;NULL;NULL;NULL;NULL;NULL;NULL;NULL;NULL;NULL;NULL;NULL;0.0205;-1.8919;0.0003;0.0000;8.9140;0.0000;0.0000;0.0000;0.0000;0.0000;0.0000;0.0000;0;NULL;0.0815;-0.1611;0.5126;336.0386;354.7419;338.0651;Palm;NULL;46969c4b-2c36-421c-b922-129be17abb0a;-8.5379;NULL;2;Embodied;1;Skew;OpenLoop;8;LineBisectionFirst;NULL;NULL;NULL;NULL;NULL;NULL;OpenLoop;2.6493;2026-05-20 13:39:07.6014;Hands;4;10;OpenXR
NULL;Right;NULL;NULL;Post;NULL;OppositeHandTrigger;NULL;NULL;NULL;NULL;NULL;NULL;NULL;NULL;NULL;NULL;None;anonymous;NULL;Trial Started;TaskEvent;Participant;9999;1957d216-dffe-4a04-a2b4-c6692a89861b;NULL;-0.0142;0.0179;-0.0459;4.8634;1.6565;3.4626;NULL;NULL;NULL;NULL;NULL;NULL;NULL;NULL;NULL;0.0289;-0.6366;0.2713;15.9059;23.5009;333.1235;0.0290;-0.6312;0.2599;14.0550;26.3958;333.6172;1;NULL;-0.0575;-0.6345;0.1908;9.0875;8.8310;82.0275;Palm;NULL;NULL;NULL;NULL;NULL;NULL;NULL;NULL;NULL;NULL;NULL;NULL;NULL;0.0205;-1.8919;0.0003;0.0000;8.9140;0.0000;0.0000;0.0000;0.0000;0.0000;0.0000;0.0000;0;NULL;0.0815;-0.1611;0.5126;336.0386;354.7419;338.0651;Palm;NULL;46969c4b-2c36-421c-b922-129be17abb0a;NULL;NULL;2;Embodied;1;Skew;OpenLoop;8;LineBisectionFirst;NULL;NULL;0.0300;0.0000;0.0000;2.0000;OpenLoop;0.0000;2026-05-20 13:39:07.6024;Hands;5;10;OpenXR
NULL;Right;NULL;NULL;Post;NULL;OppositeHandTrigger;NULL;NULL;NULL;NULL;NULL;NULL;NULL;NULL;NULL;NULL;None;anonymous;NULL;Trial Accepted;TaskEvent;Participant;10289;1957d216-dffe-4a04-a2b4-c6692a89861b;NULL;-0.0111;0.0183;-0.0471;4.4509;2.0344;3.4706;NULL;NULL;NULL;NULL;-0.1367;0.0000;2.0000;NULL;NULL;0.0296;-0.6374;0.2710;16.1156;23.1490;332.3085;0.0289;-0.6321;0.2600;14.4052;25.6004;332.7512;1;NULL;-0.0528;-0.6281;0.1855;12.3874;12.9505;92.8148;Palm;NULL;NULL;NULL;NULL;NULL;NULL;NULL;NULL;NULL;NULL;NULL;NULL;NULL;0.0205;-1.8919;0.0003;0.0000;8.9140;0.0000;0.0000;0.0000;0.0000;0.0000;0.0000;0.0000;0;NULL;0.0976;-0.2170;0.5072;339.6044;353.0595;343.3360;Palm;NULL;46969c4b-2c36-421c-b922-129be17abb0a;-13.6706;NULL;2;Embodied;1;Skew;OpenLoop;8;LineBisectionFirst;NULL;NULL;NULL;NULL;NULL;NULL;OpenLoop;2.4164;2026-05-20 13:39:10.0173;Hands;5;10;OpenXR
NULL;Right;NULL;NULL;Post;NULL;OppositeHandTrigger;NULL;NULL;NULL;NULL;NULL;NULL;NULL;NULL;NULL;NULL;None;anonymous;NULL;Trial Started;TaskEvent;Participant;10289;1957d216-dffe-4a04-a2b4-c6692a89861b;NULL;-0.0111;0.0183;-0.0471;4.4509;2.0344;3.4706;NULL;NULL;NULL;NULL;NULL;NULL;NULL;NULL;NULL;0.0296;-0.6374;0.2710;16.1156;23.1490;332.3085;0.0289;-0.6321;0.2600;14.4052;25.6004;332.7512;1;NULL;-0.0528;-0.6281;0.1855;12.3874;12.9505;92.8148;Palm;NULL;NULL;NULL;NULL;NULL;NULL;NULL;NULL;NULL;NULL;NULL;NULL;NULL;0.0205;-1.8919;0.0003;0.0000;8.9140;0.0000;0.0000;0.0000;0.0000;0.0000;0.0000;0.0000;0;NULL;0.0976;-0.2170;0.5072;339.6044;353.0595;343.3360;Palm;NULL;46969c4b-2c36-421c-b922-129be17abb0a;NULL;NULL;2;Embodied;1;Skew;OpenLoop;8;LineBisectionFirst;NULL;NULL;0.0300;0.0000;0.0000;2.0000;OpenLoop;0.0000;2026-05-20 13:39:10.0188;Hands;6;10;OpenXR
NULL;Right;NULL;NULL;Post;NULL;OppositeHandTrigger;NULL;NULL;NULL;NULL;NULL;NULL;NULL;NULL;NULL;NULL;None;anonymous;NULL;Trial Accepted;TaskEvent;Participant;10595;1957d216-dffe-4a04-a2b4-c6692a89861b;NULL;-0.0107;0.0205;-0.0515;3.4976;1.1757;3.9456;NULL;NULL;NULL;NULL;-0.2195;0.0000;2.0000;NULL;NULL;0.0309;-0.6376;0.2698;16.2619;23.0270;331.6968;0.0291;-0.6318;0.2599;14.3474;25.2715;332.1798;1;NULL;-0.0530;-0.6271;0.1853;11.2122;12.9275;89.4266;Palm;NULL;NULL;NULL;NULL;NULL;NULL;NULL;NULL;NULL;NULL;NULL;NULL;NULL;0.0205;-1.8919;0.0003;0.0000;8.9140;0.0000;0.0000;0.0000;0.0000;0.0000;0.0000;0.0000;0;NULL;0.0921;-0.1654;0.5049;333.7902;353.1342;339.6621;Palm;NULL;46969c4b-2c36-421c-b922-129be17abb0a;-21.9508;NULL;2;Embodied;1;Skew;OpenLoop;8;LineBisectionFirst;NULL;NULL;NULL;NULL;NULL;NULL;OpenLoop;2.5489;2026-05-20 13:39:12.5662;Hands;6;10;OpenXR
NULL;Right;NULL;NULL;Post;NULL;OppositeHandTrigger;NULL;NULL;NULL;NULL;NULL;NULL;NULL;NULL;NULL;NULL;None;anonymous;NULL;Trial Started;TaskEvent;Participant;10595;1957d216-dffe-4a04-a2b4-c6692a89861b;NULL;-0.0107;0.0205;-0.0515;3.4976;1.1757;3.9456;NULL;NULL;NULL;NULL;NULL;NULL;NULL;NULL;NULL;0.0309;-0.6376;0.2698;16.2619;23.0270;331.6968;0.0291;-0.6318;0.2599;14.3474;25.2715;332.1798;1;NULL;-0.0530;-0.6271;0.1853;11.2122;12.9275;89.4266;Palm;NULL;NULL;NULL;NULL;NULL;NULL;NULL;NULL;NULL;NULL;NULL;NULL;NULL;0.0205;-1.8919;0.0003;0.0000;8.9140;0.0000;0.0000;0.0000;0.0000;0.0000;0.0000;0.0000;0;NULL;0.0921;-0.1654;0.5049;333.7902;353.1342;339.6621;Palm;NULL;46969c4b-2c36-421c-b922-129be17abb0a;NULL;NULL;2;Embodied;1;Skew;OpenLoop;8;LineBisectionFirst;NULL;NULL;0.0300;0.0000;0.0000;2.0000;OpenLoop;0.0000;2026-05-20 13:39:12.5683;Hands;7;10;OpenXR
NULL;Right;NULL;NULL;Post;NULL;OppositeHandTrigger;NULL;NULL;NULL;NULL;NULL;NULL;NULL;NULL;NULL;NULL;None;anonymous;NULL;Trial Accepted;TaskEvent;Participant;10911;1957d216-dffe-4a04-a2b4-c6692a89861b;NULL;-0.0162;0.0238;-0.0509;2.1189;1.5474;3.3495;NULL;NULL;NULL;NULL;-0.2228;0.0000;2.0000;NULL;NULL;0.0293;-0.6381;0.2706;16.4051;23.2068;332.2264;0.0285;-0.6321;0.2598;14.9365;25.3957;332.3349;1;NULL;-0.0556;-0.6244;0.1839;11.7735;12.3061;87.5677;Palm;NULL;NULL;NULL;NULL;NULL;NULL;NULL;NULL;NULL;NULL;NULL;NULL;NULL;0.0205;-1.8919;0.0003;0.0000;8.9140;0.0000;0.0000;0.0000;0.0000;0.0000;0.0000;0.0000;0;NULL;0.0848;-0.1762;0.5158;337.6115;354.9390;337.8794;Palm;NULL;46969c4b-2c36-421c-b922-129be17abb0a;-22.2764;NULL;2;Embodied;1;Skew;OpenLoop;8;LineBisectionFirst;NULL;NULL;NULL;NULL;NULL;NULL;OpenLoop;2.6328;2026-05-20 13:39:15.1986;Hands;7;10;OpenXR
NULL;Right;NULL;NULL;Post;NULL;OppositeHandTrigger;NULL;NULL;NULL;NULL;NULL;NULL;NULL;NULL;NULL;NULL;None;anonymous;NULL;Trial Started;TaskEvent;Participant;10911;1957d216-dffe-4a04-a2b4-c6692a89861b;NULL;-0.0162;0.0238;-0.0509;2.1189;1.5474;3.3495;NULL;NULL;NULL;NULL;NULL;NULL;NULL;NULL;NULL;0.0293;-0.6381;0.2706;16.4051;23.2068;332.2264;0.0285;-0.6321;0.2598;14.9365;25.3957;332.3349;1;NULL;-0.0556;-0.6244;0.1839;11.7735;12.3061;87.5677;Palm;NULL;NULL;NULL;NULL;NULL;NULL;NULL;NULL;NULL;NULL;NULL;NULL;NULL;0.0205;-1.8919;0.0003;0.0000;8.9140;0.0000;0.0000;0.0000;0.0000;0.0000;0.0000;0.0000;0;NULL;0.0848;-0.1762;0.5158;337.6115;354.9390;337.8794;Palm;NULL;46969c4b-2c36-421c-b922-129be17abb0a;NULL;NULL;2;Embodied;1;Skew;OpenLoop;8;LineBisectionFirst;NULL;NULL;0.0300;0.0000;0.0000;2.0000;OpenLoop;0.0000;2026-05-20 13:39:15.2002;Hands;8;10;OpenXR
NULL;Right;NULL;NULL;Post;NULL;OppositeHandTrigger;NULL;NULL;NULL;NULL;NULL;NULL;NULL;NULL;NULL;NULL;None;anonymous;NULL;Trial Accepted;TaskEvent;Participant;11187;1957d216-dffe-4a04-a2b4-c6692a89861b;NULL;-0.0079;0.0222;-0.0456;2.2839;2.3752;3.3893;NULL;NULL;NULL;NULL;-0.1070;0.0000;2.0000;NULL;NULL;0.0351;-0.6401;0.2670;15.7277;25.6379;329.4245;0.0373;-0.6337;0.2520;13.6741;29.7719;330.2383;1;NULL;-0.0563;-0.6359;0.1898;9.7775;8.6753;81.2555;Palm;NULL;NULL;NULL;NULL;NULL;NULL;NULL;NULL;NULL;NULL;NULL;NULL;NULL;0.0205;-1.8919;0.0003;0.0000;8.9140;0.0000;0.0000;0.0000;0.0000;0.0000;0.0000;0.0000;0;NULL;0.0936;-0.1669;0.5086;337.7036;354.3275;340.4014;Palm;NULL;46969c4b-2c36-421c-b922-129be17abb0a;-10.6976;NULL;2;Embodied;1;Skew;OpenLoop;8;LineBisectionFirst;NULL;NULL;NULL;NULL;NULL;NULL;OpenLoop;2.2993;2026-05-20 13:39:17.4982;Hands;8;10;OpenXR
NULL;Right;NULL;NULL;Post;NULL;OppositeHandTrigger;NULL;NULL;NULL;NULL;NULL;NULL;NULL;NULL;NULL;NULL;None;anonymous;NULL;Trial Started;TaskEvent;Participant;11187;1957d216-dffe-4a04-a2b4-c6692a89861b;NULL;-0.0079;0.0222;-0.0456;2.2839;2.3752;3.3893;NULL;NULL;NULL;NULL;NULL;NULL;NULL;NULL;NULL;0.0351;-0.6401;0.2670;15.7277;25.6379;329.4245;0.0373;-0.6337;0.2520;13.6741;29.7719;330.2383;1;NULL;-0.0563;-0.6359;0.1898;9.7775;8.6753;81.2555;Palm;NULL;NULL;NULL;NULL;NULL;NULL;NULL;NULL;NULL;NULL;NULL;NULL;NULL;0.0205;-1.8919;0.0003;0.0000;8.9140;0.0000;0.0000;0.0000;0.0000;0.0000;0.0000;0.0000;0;NULL;0.0936;-0.1669;0.5086;337.7036;354.3275;340.4014;Palm;NULL;46969c4b-2c36-421c-b922-129be17abb0a;NULL;NULL;2;Embodied;1;Skew;OpenLoop;8;LineBisectionFirst;NULL;NULL;0.0300;0.0000;0.0000;2.0000;OpenLoop;0.0000;2026-05-20 13:39:17.4997;Hands;9;10;OpenXR
NULL;Right;NULL;NULL;Post;NULL;OppositeHandTrigger;NULL;NULL;NULL;NULL;NULL;NULL;NULL;NULL;NULL;NULL;None;anonymous;NULL;Trial Accepted;TaskEvent;Participant;11464;1957d216-dffe-4a04-a2b4-c6692a89861b;NULL;-0.0149;0.0224;-0.0444;2.4160;1.8025;3.8239;NULL;NULL;NULL;NULL;-0.2430;0.0000;2.0000;NULL;NULL;0.0336;-0.6391;0.2677;15.7783;23.9426;330.0147;0.0313;-0.6321;0.2570;14.1523;26.6473;330.8458;1;NULL;-0.0561;-0.6344;0.1905;9.9509;8.6097;84.3554;Palm;NULL;NULL;NULL;NULL;NULL;NULL;NULL;NULL;NULL;NULL;NULL;NULL;NULL;0.0205;-1.8919;0.0003;0.0000;8.9140;0.0000;0.0000;0.0000;0.0000;0.0000;0.0000;0.0000;0;NULL;0.0807;-0.1875;0.5097;334.2537;351.2438;337.3112;Palm;NULL;46969c4b-2c36-421c-b922-129be17abb0a;-24.2988;NULL;2;Embodied;1;Skew;OpenLoop;8;LineBisectionFirst;NULL;NULL;NULL;NULL;NULL;NULL;OpenLoop;2.3078;2026-05-20 13:39:19.8061;Hands;9;10;OpenXR
NULL;Right;NULL;NULL;Post;NULL;OppositeHandTrigger;NULL;NULL;NULL;NULL;NULL;NULL;NULL;NULL;NULL;NULL;None;anonymous;NULL;Trial Started;TaskEvent;Participant;11464;1957d216-dffe-4a04-a2b4-c6692a89861b;NULL;-0.0149;0.0224;-0.0444;2.4160;1.8025;3.8239;NULL;NULL;NULL;NULL;NULL;NULL;NULL;NULL;NULL;0.0336;-0.6391;0.2677;15.7783;23.9426;330.0147;0.0313;-0.6321;0.2570;14.1523;26.6473;330.8458;1;NULL;-0.0561;-0.6344;0.1905;9.9509;8.6097;84.3554;Palm;NULL;NULL;NULL;NULL;NULL;NULL;NULL;NULL;NULL;NULL;NULL;NULL;NULL;0.0205;-1.8919;0.0003;0.0000;8.9140;0.0000;0.0000;0.0000;0.0000;0.0000;0.0000;0.0000;0;NULL;0.0807;-0.1875;0.5097;334.2537;351.2438;337.3112;Palm;NULL;46969c4b-2c36-421c-b922-129be17abb0a;NULL;NULL;2;Embodied;1;Skew;OpenLoop;8;LineBisectionFirst;NULL;NULL;0.0300;0.0000;0.0000;2.0000;OpenLoop;0.0000;2026-05-20 13:39:19.8076;Hands;10;10;OpenXR
NULL;Right;NULL;NULL;Post;NULL;OppositeHandTrigger;NULL;NULL;NULL;NULL;NULL;NULL;NULL;NULL;NULL;NULL;None;anonymous;NULL;Trial Accepted;TaskEvent;Participant;11759;1957d216-dffe-4a04-a2b4-c6692a89861b;NULL;-0.0215;0.0237;-0.0478;1.9524;1.5040;4.6132;NULL;NULL;NULL;NULL;-0.3072;0.0000;2.0000;NULL;NULL;0.0326;-0.6374;0.2681;15.5629;23.8900;330.3125;0.0311;-0.6318;0.2582;14.0292;26.0065;330.8209;1;NULL;-0.0551;-0.6292;0.1882;10.4626;12.5688;91.9812;Palm;NULL;NULL;NULL;NULL;NULL;NULL;NULL;NULL;NULL;NULL;NULL;NULL;NULL;0.0205;-1.8919;0.0003;0.0000;8.9140;0.0000;0.0000;0.0000;0.0000;0.0000;0.0000;0.0000;0;NULL;0.0902;-0.1695;0.5129;333.5115;355.7956;329.5247;Palm;NULL;46969c4b-2c36-421c-b922-129be17abb0a;-30.7238;NULL;2;Embodied;1;Skew;OpenLoop;8;LineBisectionFirst;NULL;NULL;NULL;NULL;NULL;NULL;OpenLoop;2.4577;2026-05-20 13:39:22.2640;Hands;10;10;OpenXR
NULL;Right;16.3964;NULL;Post;NULL;OppositeHandTrigger;NULL;NULL;NULL;NULL;NULL;NULL;NULL;NULL;NULL;NULL;None;anonymous;NULL;Block Completed;BlockEvent;Participant;11759;1957d216-dffe-4a04-a2b4-c6692a89861b;NULL;-0.0215;0.0237;-0.0478;1.9524;1.5040;4.6132;NULL;NULL;NULL;NULL;NULL;NULL;NULL;NULL;NULL;0.0326;-0.6374;0.2681;15.5629;23.8900;330.3125;0.0311;-0.6318;0.2582;14.0292;26.0065;330.8209;1;NULL;-0.0551;-0.6292;0.1882;10.4626;12.5688;91.9812;Palm;NULL;NULL;NULL;-15.9344;NULL;NULL;NULL;NULL;NULL;NULL;NULL;NULL;NULL;0.0205;-1.8919;0.0003;0.0000;8.9140;0.0000;0.0000;0.0000;0.0000;0.0000;0.0000;0.0000;0;NULL;0.0902;-0.1695;0.5129;333.5115;355.7956;329.5247;Palm;8.2700;46969c4b-2c36-421c-b922-129be17abb0a;NULL;NULL;2;Embodied;1;Skew;OpenLoop;8;LineBisectionFirst;NULL;NULL;NULL;NULL;NULL;NULL;OpenLoop;0.0000;2026-05-20 13:39:22.2660;Hands;NULL;10;OpenXR
NULL;Right;NULL;NULL;Post;NULL;OppositeHandTrigger;NULL;NULL;NULL;NULL;NULL;NULL;NULL;NULL;NULL;NULL;None;anonymous;NULL;Game Finished;GameEvent;Participant;11759;1957d216-dffe-4a04-a2b4-c6692a89861b;NULL;-0.0215;0.0237;-0.0478;1.9524;1.5040;4.6132;NULL;NULL;NULL;NULL;NULL;NULL;NULL;NULL;NULL;0.0326;-0.6374;0.2681;15.5629;23.8900;330.3125;0.0311;-0.6318;0.2582;14.0292;26.0065;330.8209;1;NULL;-0.0551;-0.6292;0.1882;10.4626;12.5688;91.9812;Palm;NULL;NULL;NULL;NULL;NULL;NULL;NULL;NULL;NULL;NULL;NULL;NULL;NULL;0.0205;-1.8919;0.0003;0.0000;8.9140;0.0000;0.0000;0.0000;0.0000;0.0000;0.0000;0.0000;0;NULL;0.0902;-0.1695;0.5129;333.5115;355.7956;329.5247;Palm;NULL;46969c4b-2c36-421c-b922-129be17abb0a;NULL;NULL;2;Embodied;1;Skew;OpenLoop;8;LineBisectionFirst;NULL;NULL;NULL;NULL;NULL;NULL;OpenLoop;0.0000;2026-05-20 13:39:22.2680;Hands;NULL;NULL;OpenXR
NULL;Right;NULL;NULL;Post;NULL;OppositeHandTrigger;NULL;NULL;NULL;NULL;NULL;NULL;NULL;NULL;NULL;NULL;None;anonymous;NULL;Experiment Completed;GameEvent;Participant;11759;1957d216-dffe-4a04-a2b4-c6692a89861b;NULL;-0.0215;0.0237;-0.0478;1.9524;1.5040;4.6132;NULL;NULL;NULL;NULL;NULL;NULL;NULL;NULL;NULL;0.0326;-0.6374;0.2681;15.5629;23.8900;330.3125;0.0311;-0.6318;0.2582;14.0292;26.0065;330.8209;1;NULL;-0.0551;-0.6292;0.1882;10.4626;12.5688;91.9812;Palm;NULL;NULL;NULL;NULL;NULL;NULL;NULL;NULL;NULL;NULL;NULL;NULL;NULL;0.0205;-1.8919;0.0003;0.0000;8.9140;0.0000;0.0000;0.0000;0.0000;0.0000;0.0000;0.0000;0;NULL;0.0902;-0.1695;0.5129;333.5115;355.7956;329.5247;Palm;NULL;46969c4b-2c36-421c-b922-129be17abb0a;NULL;NULL;2;Embodied;1;Skew;OpenLoop;8;LineBisectionFirst;NULL;NULL;NULL;NULL;NULL;NULL;OpenLoop;0.0000;2026-05-20 13:39:22.2680;Hands;NULL;NULL;OpenXR
